p cnf 80 432
1 0
2 3 4 5 0
6 7 8 9 0
10 11 12 13 0
14 15 16 17 0
18 19 20 21 0
22 23 24 25 0
26 27 28 29 0
30 31 32 33 0
34 35 36 37 0
38 39 40 41 0
42 43 44 45 0
-2 -6 0
-3 -7 0
-4 -8 0
-5 -9 0
-10 -14 0
-10 -18 0
-10 -22 0
-14 -18 0
-14 -22 0
-18 -22 0
-11 -15 0
-11 -19 0
-11 -23 0
-15 -19 0
-15 -23 0
-19 -23 0
-12 -16 0
-12 -20 0
-12 -24 0
-16 -20 0
-16 -24 0
-20 -24 0
-13 -17 0
-13 -21 0
-13 -25 0
-17 -21 0
-17 -25 0
-21 -25 0
-26 -30 0
-26 -34 0
-30 -34 0
-27 -31 0
-27 -35 0
-31 -35 0
-28 -32 0
-28 -36 0
-32 -36 0
-29 -33 0
-29 -37 0
-33 -37 0
-38 -42 0
-39 -43 0
-40 -44 0
-41 -45 0
46 47 48 49 0
50 51 52 53 0
54 55 56 57 0
58 59 60 61 0
62 63 64 65 0
66 67 68 69 0
70 71 72 73 0
74 75 76 77 0
-46 -47 0
-46 -48 0
-46 -49 0
-47 -48 0
-47 -49 0
-48 -49 0
-50 -51 0
-50 -52 0
-50 -53 0
-51 -52 0
-51 -53 0
-52 -53 0
-54 -55 0
-54 -56 0
-54 -57 0
-55 -56 0
-55 -57 0
-56 -57 0
-58 -59 0
-58 -60 0
-58 -61 0
-59 -60 0
-59 -61 0
-60 -61 0
-62 -63 0
-62 -64 0
-62 -65 0
-63 -64 0
-63 -65 0
-64 -65 0
-66 -67 0
-66 -68 0
-66 -69 0
-67 -68 0
-67 -69 0
-68 -69 0
-70 -71 0
-70 -72 0
-70 -73 0
-71 -72 0
-71 -73 0
-72 -73 0
-74 -75 0
-74 -76 0
-74 -77 0
-75 -76 0
-75 -77 0
-76 -77 0
-1 -46 2 0
-1 -47 3 0
-1 -48 4 0
-1 -49 5 0
-1 -62 6 0
-1 -63 7 0
-1 -64 8 0
-1 -65 9 0
-78 -50 2 0
-78 -51 3 0
-78 -52 4 0
-78 -53 5 0
-78 -66 6 0
-78 -67 7 0
-78 -68 8 0
-78 -69 9 0
-79 -54 2 0
-79 -55 3 0
-79 -56 4 0
-79 -57 5 0
-79 -70 6 0
-79 -71 7 0
-79 -72 8 0
-79 -73 9 0
-80 -58 2 0
-80 -59 3 0
-80 -60 4 0
-80 -61 5 0
-80 -74 6 0
-80 -75 7 0
-80 -76 8 0
-80 -77 9 0
-2 -46 10 0
-2 -47 11 0
-2 -48 12 0
-2 -49 13 0
-2 -62 14 0
-2 -63 15 0
-2 -64 16 0
-2 -65 17 0
-3 -50 10 0
-3 -51 11 0
-3 -52 12 0
-3 -53 13 0
-3 -66 14 0
-3 -67 15 0
-3 -68 16 0
-3 -69 17 0
-4 -54 10 0
-4 -55 11 0
-4 -56 12 0
-4 -57 13 0
-4 -70 14 0
-4 -71 15 0
-4 -72 16 0
-4 -73 17 0
-5 -58 10 0
-5 -59 11 0
-5 -60 12 0
-5 -61 13 0
-5 -74 14 0
-5 -75 15 0
-5 -76 16 0
-5 -77 17 0
-6 -46 18 0
-6 -47 19 0
-6 -48 20 0
-6 -49 21 0
-6 -62 22 0
-6 -63 23 0
-6 -64 24 0
-6 -65 25 0
-7 -50 18 0
-7 -51 19 0
-7 -52 20 0
-7 -53 21 0
-7 -66 22 0
-7 -67 23 0
-7 -68 24 0
-7 -69 25 0
-8 -54 18 0
-8 -55 19 0
-8 -56 20 0
-8 -57 21 0
-8 -70 22 0
-8 -71 23 0
-8 -72 24 0
-8 -73 25 0
-9 -58 18 0
-9 -59 19 0
-9 -60 20 0
-9 -61 21 0
-9 -74 22 0
-9 -75 23 0
-9 -76 24 0
-9 -77 25 0
-10 -46 26 0
-10 -47 27 0
-10 -48 28 0
-10 -49 29 0
-10 -62 26 0
-10 -63 27 0
-10 -64 28 0
-10 -65 29 0
-11 -50 26 0
-11 -51 27 0
-11 -52 28 0
-11 -53 29 0
-11 -66 26 0
-11 -67 27 0
-11 -68 28 0
-11 -69 29 0
-12 -54 26 0
-12 -55 27 0
-12 -56 28 0
-12 -57 29 0
-12 -70 26 0
-12 -71 27 0
-12 -72 28 0
-12 -73 29 0
-13 -58 26 0
-13 -59 27 0
-13 -60 28 0
-13 -61 29 0
-13 -74 26 0
-13 -75 27 0
-13 -76 28 0
-13 -77 29 0
-14 -46 30 0
-14 -47 31 0
-14 -48 32 0
-14 -49 33 0
-14 -62 30 0
-14 -63 31 0
-14 -64 32 0
-14 -65 33 0
-15 -50 30 0
-15 -51 31 0
-15 -52 32 0
-15 -53 33 0
-15 -66 30 0
-15 -67 31 0
-15 -68 32 0
-15 -69 33 0
-16 -54 30 0
-16 -55 31 0
-16 -56 32 0
-16 -57 33 0
-16 -70 30 0
-16 -71 31 0
-16 -72 32 0
-16 -73 33 0
-17 -58 30 0
-17 -59 31 0
-17 -60 32 0
-17 -61 33 0
-17 -74 30 0
-17 -75 31 0
-17 -76 32 0
-17 -77 33 0
-18 -46 26 0
-18 -47 27 0
-18 -48 28 0
-18 -49 29 0
-18 -62 34 0
-18 -63 35 0
-18 -64 36 0
-18 -65 37 0
-19 -50 26 0
-19 -51 27 0
-19 -52 28 0
-19 -53 29 0
-19 -66 34 0
-19 -67 35 0
-19 -68 36 0
-19 -69 37 0
-20 -54 26 0
-20 -55 27 0
-20 -56 28 0
-20 -57 29 0
-20 -70 34 0
-20 -71 35 0
-20 -72 36 0
-20 -73 37 0
-21 -58 26 0
-21 -59 27 0
-21 -60 28 0
-21 -61 29 0
-21 -74 34 0
-21 -75 35 0
-21 -76 36 0
-21 -77 37 0
-22 -46 30 0
-22 -47 31 0
-22 -48 32 0
-22 -49 33 0
-22 -62 34 0
-22 -63 35 0
-22 -64 36 0
-22 -65 37 0
-23 -50 30 0
-23 -51 31 0
-23 -52 32 0
-23 -53 33 0
-23 -66 34 0
-23 -67 35 0
-23 -68 36 0
-23 -69 37 0
-24 -54 30 0
-24 -55 31 0
-24 -56 32 0
-24 -57 33 0
-24 -70 34 0
-24 -71 35 0
-24 -72 36 0
-24 -73 37 0
-25 -58 30 0
-25 -59 31 0
-25 -60 32 0
-25 -61 33 0
-25 -74 34 0
-25 -75 35 0
-25 -76 36 0
-25 -77 37 0
-26 -46 38 0
-26 -47 39 0
-26 -48 40 0
-26 -49 41 0
-26 -62 38 0
-26 -63 39 0
-26 -64 40 0
-26 -65 41 0
-27 -50 38 0
-27 -51 39 0
-27 -52 40 0
-27 -53 41 0
-27 -66 38 0
-27 -67 39 0
-27 -68 40 0
-27 -69 41 0
-28 -54 38 0
-28 -55 39 0
-28 -56 40 0
-28 -57 41 0
-28 -70 38 0
-28 -71 39 0
-28 -72 40 0
-28 -73 41 0
-29 -58 38 0
-29 -59 39 0
-29 -60 40 0
-29 -61 41 0
-29 -74 38 0
-29 -75 39 0
-29 -76 40 0
-29 -77 41 0
-30 -46 38 0
-30 -47 39 0
-30 -48 40 0
-30 -49 41 0
-30 -62 42 0
-30 -63 43 0
-30 -64 44 0
-30 -65 45 0
-31 -50 38 0
-31 -51 39 0
-31 -52 40 0
-31 -53 41 0
-31 -66 42 0
-31 -67 43 0
-31 -68 44 0
-31 -69 45 0
-32 -54 38 0
-32 -55 39 0
-32 -56 40 0
-32 -57 41 0
-32 -70 42 0
-32 -71 43 0
-32 -72 44 0
-32 -73 45 0
-33 -58 38 0
-33 -59 39 0
-33 -60 40 0
-33 -61 41 0
-33 -74 42 0
-33 -75 43 0
-33 -76 44 0
-33 -77 45 0
-34 -46 42 0
-34 -47 43 0
-34 -48 44 0
-34 -49 45 0
-34 -62 42 0
-34 -63 43 0
-34 -64 44 0
-34 -65 45 0
-35 -50 42 0
-35 -51 43 0
-35 -52 44 0
-35 -53 45 0
-35 -66 42 0
-35 -67 43 0
-35 -68 44 0
-35 -69 45 0
-36 -54 42 0
-36 -55 43 0
-36 -56 44 0
-36 -57 45 0
-36 -70 42 0
-36 -71 43 0
-36 -72 44 0
-36 -73 45 0
-37 -58 42 0
-37 -59 43 0
-37 -60 44 0
-37 -61 45 0
-37 -74 42 0
-37 -75 43 0
-37 -76 44 0
-37 -77 45 0
