EVBDD
L 25
T 2
N 1965
R 1
; level 1
n 1
1 0 0	1 1 0	; 2
; level 2
n 0
; level 3
n 2
1 0 0	2 0 0	; 3
1 0 0	1 1 0	; 4
; level 4
n 4
1 0 0	2 0 0	; 5
1 0 0	3 0 1	; 6
1 0 0	4 0 1	; 7
1 0 0	1 1 0	; 8
; level 5
n 0
; level 6
n 6
1 0 0	2 0 0	; 9
6 0 1	2 0 0	; 10
7 0 1	1 1 0	; 11
1 0 0	1 1 0	; 12
8 0 1	1 1 0	; 13
5 0 1	2 0 0	; 14
; level 7
n 19
3 0 1	2 0 0	; 15
9 0 1	2 0 0	; 16
12 0 1	1 1 0	; 17
5 0 1	2 0 0	; 18
14 0 1	2 0 0	; 19
13 0 1	1 1 0	; 20
4 0 1	1 1 0	; 21
1 0 0	9 0 1	; 22
12 0 0	12 0 1	; 23
8 0 1	1 1 0	; 24
8 0 1	13 0 0	; 25
1 0 0	12 0 1	; 26
5 0 1	14 0 0	; 27
7 0 1	1 1 0	; 28
11 0 1	1 1 0	; 29
1 0 0	12 0 0	; 30
1 0 0	1 1 0	; 31
1 0 0	9 0 0	; 32
1 0 0	2 0 0	; 33
; level 8
n 69
1 0 0	2 0 0	; 34
1 0 0	9 0 1	; 35
1 0 0	1 1 0	; 36
9 0 0	1 1 0	; 37
1 0 0	12 0 0	; 38
31 0 1	1 1 0	; 39
1 0 0	12 0 1	; 40
9 0 1	1 1 0	; 41
12 0 1	1 1 0	; 42
1 0 0	3 0 1	; 43
1 0 0	4 0 1	; 44
1 0 0	15 0 1	; 45
15 0 1	1 1 0	; 46
3 0 1	1 1 0	; 47
4 0 1	1 1 0	; 48
1 0 0	16 0 1	; 49
1 0 0	5 0 1	; 50
1 0 0	10 0 1	; 51
16 0 1	1 1 0	; 52
5 0 1	1 1 0	; 53
17 0 1	12 0 1	; 54
11 0 1	12 0 1	; 55
1 0 0	8 0 1	; 56
1 0 0	13 0 1	; 57
8 0 1	1 1 0	; 58
9 0 1	13 0 1	; 59
1 0 0	18 0 1	; 60
1 0 0	11 0 1	; 61
19 0 1	1 1 0	; 62
18 0 1	1 1 0	; 63
1 0 0	19 0 1	; 64
11 0 1	1 1 0	; 65
8 0 1	20 0 1	; 66
1 0 0	30 0 0	; 67
1 0 0	23 0 1	; 68
30 0 0	1 1 0	; 69
1 0 0	24 0 0	; 70
1 0 0	31 0 0	; 71
5 0 1	24 0 0	; 72
25 0 0	1 1 0	; 73
24 0 0	1 1 0	; 74
13 0 1	1 1 0	; 75
12 0 0	1 1 0	; 76
1 0 0	32 0 0	; 77
32 0 0	1 1 0	; 78
1 0 0	18 0 0	; 79
1 0 0	33 0 0	; 80
8 0 1	24 0 0	; 81
18 0 0	1 1 0	; 82
27 0 0	1 1 0	; 83
1 0 0	21 0 1	; 84
21 0 1	1 1 0	; 85
1 0 0	17 0 1	; 86
17 0 1	20 0 1	; 87
17 0 1	1 1 0	; 88
1 0 0	28 0 1	; 89
21 0 1	28 0 1	; 90
28 0 1	1 1 0	; 91
29 0 1	1 1 0	; 92
1 0 0	29 0 1	; 93
9 0 1	17 0 1	; 94
1 0 0	24 0 1	; 95
1 0 0	14 0 1	; 96
24 0 1	1 1 0	; 97
1 0 0	20 0 1	; 98
14 0 1	1 1 0	; 99
5 0 1	20 0 1	; 100
1 0 0	9 0 0	; 101
12 0 0	32 0 0	; 102
; level 9
n 115
34 0 0	34 0 1	; 103
36 0 0	36 0 1	; 104
34 0 1	101 0 1	; 105
1 0 0	34 0 1	; 106
1 0 0	35 0 1	; 107
37 0 1	9 0 0	; 108
1 0 0	36 0 1	; 109
36 0 1	38 0 1	; 110
1 0 0	35 0 0	; 111
1 0 0	101 0 1	; 112
35 0 1	101 0 1	; 113
1 0 0	40 0 1	; 114
1 0 0	9 0 0	; 115
40 0 1	101 0 1	; 116
41 0 1	9 0 1	; 117
42 0 1	12 0 1	; 118
34 0 0	43 0 1	; 119
36 0 0	44 0 1	; 120
34 0 0	45 0 1	; 121
46 0 0	47 0 1	; 122
15 0 1	46 0 0	; 123
4 0 1	48 0 0	; 124
34 0 1	49 0 1	; 125
1 0 0	50 0 1	; 126
36 0 1	40 0 1	; 127
1 0 0	51 0 1	; 128
16 0 1	52 0 1	; 129
40 0 1	44 0 1	; 130
10 0 1	53 0 1	; 131
42 0 1	54 0 0	; 132
55 0 0	12 0 1	; 133
4 0 1	1 1 0	; 134
40 0 1	56 0 1	; 135
40 0 1	57 0 1	; 136
8 0 1	58 0 1	; 137
9 0 1	59 0 1	; 138
36 0 0	56 0 1	; 139
34 0 0	60 0 1	; 140
36 0 0	61 0 1	; 141
62 0 0	63 0 1	; 142
52 0 0	19 0 1	; 143
34 0 0	64 0 1	; 144
1 0 0	43 0 1	; 145
34 0 0	49 0 1	; 146
65 0 0	66 0 1	; 147
11 0 1	58 0 1	; 148
1 0 0	34 0 0	; 149
3 0 1	2 0 0	; 150
1 0 0	2 0 0	; 151
1 0 0	1 1 0	; 152
47 0 0	47 0 1	; 153
3 0 1	47 0 0	; 154
34 0 1	22 0 1	; 155
36 0 1	67 0 1	; 156
36 0 1	68 0 1	; 157
69 0 1	30 0 0	; 158
36 0 0	70 0 1	; 159
36 0 0	57 0 1	; 160
34 0 0	50 0 1	; 161
36 0 0	71 0 1	; 162
53 0 0	72 0 1	; 163
5 0 1	53 0 0	; 164
24 0 0	73 0 0	; 165
24 0 0	74 0 1	; 166
13 0 1	75 0 0	; 167
13 0 1	58 0 1	; 168
12 0 0	76 0 1	; 169
34 0 1	77 0 1	; 170
36 0 1	26 0 1	; 171
78 0 1	102 0 0	; 172
78 0 1	32 0 0	; 173
34 0 0	79 0 1	; 174
34 0 0	80 0 1	; 175
58 0 0	81 0 1	; 176
82 0 0	82 0 1	; 177
18 0 0	83 0 0	; 178
36 0 0	84 0 1	; 179
21 0 1	85 0 0	; 180
48 0 1	85 0 0	; 181
36 0 1	86 0 1	; 182
1 0 0	60 0 1	; 183
19 0 1	63 0 1	; 184
17 0 1	87 0 1	; 185
17 0 1	88 0 1	; 186
1 0 0	64 0 1	; 187
1 0 0	49 0 1	; 188
36 0 0	89 0 1	; 189
1 0 0	45 0 1	; 190
29 0 1	90 0 0	; 191
29 0 1	91 0 1	; 192
91 0 1	92 0 0	; 193
36 0 0	93 0 1	; 194
1 0 0	33 0 0	; 195
34 0 1	33 0 1	; 196
1 0 0	33 0 1	; 197
34 0 1	31 0 1	; 198
1 0 0	80 0 1	; 199
80 0 1	33 0 1	; 200
4 0 1	85 0 0	; 201
34 0 1	35 0 1	; 202
41 0 1	94 0 1	; 203
36 0 1	31 0 1	; 204
56 0 1	31 0 1	; 205
36 0 0	95 0 1	; 206
34 0 0	96 0 1	; 207
20 0 1	97 0 1	; 208
20 0 1	88 0 0	; 209
36 0 0	98 0 1	; 210
8 0 1	58 0 0	; 211
36 0 0	86 0 1	; 212
99 0 0	100 0 1	; 213
14 0 1	99 0 0	; 214
1 0 0	101 0 0	; 215
1 0 0	36 0 0	; 216
2 0 0	1 1 0	; 217
; level 10
n 173
103 0 0	1 1 0	; 218
149 0 1	1 1 0	; 219
104 0 0	1 1 0	; 220
105 0 1	1 1 0	; 221
106 0 0	1 1 0	; 222
1 0 0	1 1 0	; 223
107 0 1	1 1 0	; 224
108 0 1	1 1 0	; 225
109 0 0	1 1 0	; 226
2 0 0	1 1 0	; 227
110 0 1	1 1 0	; 228
111 0 1	1 1 0	; 229
107 0 0	1 1 0	; 230
106 0 1	1 1 0	; 231
215 0 1	1 1 0	; 232
112 0 0	1 1 0	; 233
113 0 0	1 1 0	; 234
109 0 1	1 1 0	; 235
114 0 1	1 1 0	; 236
101 0 1	1 1 0	; 237
115 0 1	1 1 0	; 238
112 0 1	1 1 0	; 239
116 0 0	1 1 0	; 240
9 0 1	1 1 0	; 241
117 0 0	1 1 0	; 242
12 0 1	1 1 0	; 243
118 0 0	1 1 0	; 244
119 0 0	1 1 0	; 245
120 0 0	1 1 0	; 246
121 0 0	1 1 0	; 247
15 0 1	1 1 0	; 248
122 0 0	1 1 0	; 249
123 0 1	1 1 0	; 250
4 0 1	1 1 0	; 251
124 0 1	1 1 0	; 252
125 0 1	1 1 0	; 253
126 0 0	1 1 0	; 254
36 0 1	1 1 0	; 255
127 0 1	1 1 0	; 256
128 0 0	1 1 0	; 257
16 0 1	1 1 0	; 258
52 0 1	1 1 0	; 259
129 0 0	1 1 0	; 260
9 0 0	1 1 0	; 261
130 0 0	1 1 0	; 262
10 0 1	1 1 0	; 263
6 0 1	1 1 0	; 264
53 0 1	1 1 0	; 265
131 0 0	1 1 0	; 266
132 0 1	1 1 0	; 267
118 0 1	1 1 0	; 268
133 0 1	1 1 0	; 269
134 0 0	1 1 0	; 270
135 0 0	1 1 0	; 271
34 0 1	1 1 0	; 272
136 0 0	1 1 0	; 273
42 0 1	1 1 0	; 274
13 0 1	1 1 0	; 275
58 0 1	1 1 0	; 276
8 0 1	1 1 0	; 277
137 0 1	1 1 0	; 278
41 0 1	1 1 0	; 279
138 0 0	1 1 0	; 280
139 0 0	1 1 0	; 281
140 0 0	1 1 0	; 282
141 0 0	1 1 0	; 283
19 0 1	1 1 0	; 284
142 0 0	1 1 0	; 285
143 0 0	1 1 0	; 286
144 0 0	1 1 0	; 287
145 0 0	1 1 0	; 288
146 0 0	1 1 0	; 289
11 0 1	1 1 0	; 290
147 0 0	1 1 0	; 291
7 0 1	1 1 0	; 292
148 0 0	1 1 0	; 293
149 0 0	1 1 0	; 294
3 0 1	1 1 0	; 295
150 0 0	1 1 0	; 296
151 0 1	1 1 0	; 297
152 0 1	1 1 0	; 298
153 0 0	1 1 0	; 299
154 0 1	1 1 0	; 300
21 0 0	1 1 0	; 301
155 0 1	1 1 0	; 302
156 0 1	1 1 0	; 303
22 0 1	1 1 0	; 304
157 0 1	1 1 0	; 305
158 0 1	1 1 0	; 306
159 0 0	1 1 0	; 307
160 0 0	1 1 0	; 308
161 0 0	1 1 0	; 309
162 0 0	1 1 0	; 310
5 0 1	1 1 0	; 311
163 0 0	1 1 0	; 312
164 0 1	1 1 0	; 313
25 0 0	1 1 0	; 314
165 0 1	1 1 0	; 315
166 0 0	1 1 0	; 316
24 0 0	1 1 0	; 317
167 0 1	1 1 0	; 318
168 0 0	1 1 0	; 319
36 0 0	1 1 0	; 320
34 0 0	1 1 0	; 321
169 0 0	1 1 0	; 322
170 0 1	1 1 0	; 323
171 0 1	1 1 0	; 324
26 0 1	1 1 0	; 325
172 0 1	1 1 0	; 326
173 0 1	1 1 0	; 327
174 0 0	1 1 0	; 328
175 0 0	1 1 0	; 329
137 0 0	1 1 0	; 330
176 0 0	1 1 0	; 331
177 0 0	1 1 0	; 332
27 0 0	1 1 0	; 333
178 0 1	1 1 0	; 334
18 0 0	1 1 0	; 335
179 0 0	1 1 0	; 336
21 0 1	1 1 0	; 337
180 0 1	1 1 0	; 338
181 0 1	1 1 0	; 339
182 0 1	1 1 0	; 340
183 0 0	1 1 0	; 341
18 0 1	1 1 0	; 342
184 0 0	1 1 0	; 343
63 0 1	1 1 0	; 344
17 0 1	1 1 0	; 345
185 0 0	1 1 0	; 346
186 0 0	1 1 0	; 347
88 0 1	1 1 0	; 348
187 0 0	1 1 0	; 349
188 0 1	1 1 0	; 350
186 0 1	1 1 0	; 351
189 0 0	1 1 0	; 352
190 0 0	1 1 0	; 353
28 0 1	1 1 0	; 354
191 0 0	1 1 0	; 355
29 0 1	1 1 0	; 356
192 0 0	1 1 0	; 357
193 0 1	1 1 0	; 358
194 0 0	1 1 0	; 359
195 0 1	1 1 0	; 360
196 0 1	1 1 0	; 361
33 0 1	1 1 0	; 362
31 0 1	1 1 0	; 363
197 0 1	1 1 0	; 364
198 0 1	1 1 0	; 365
199 0 1	1 1 0	; 366
200 0 1	1 1 0	; 367
201 0 1	1 1 0	; 368
202 0 1	1 1 0	; 369
203 0 1	1 1 0	; 370
117 0 1	1 1 0	; 371
204 0 1	1 1 0	; 372
205 0 1	1 1 0	; 373
206 0 0	1 1 0	; 374
207 0 0	1 1 0	; 375
24 0 1	1 1 0	; 376
208 0 0	1 1 0	; 377
20 0 1	1 1 0	; 378
209 0 1	1 1 0	; 379
210 0 0	1 1 0	; 380
211 0 1	1 1 0	; 381
212 0 0	1 1 0	; 382
14 0 1	1 1 0	; 383
213 0 0	1 1 0	; 384
214 0 1	1 1 0	; 385
215 0 0	1 1 0	; 386
216 0 0	1 1 0	; 387
30 0 0	1 1 0	; 388
12 0 0	1 1 0	; 389
32 0 0	1 1 0	; 390
; level 11
n 184
218 0 1	223 0 1	; 391
219 0 0	223 0 0	; 392
220 0 1	223 0 1	; 393
221 0 1	223 0 1	; 394
222 0 0	223 0 0	; 395
223 0 1	224 0 1	; 396
223 0 0	224 0 0	; 397
225 0 1	261 0 1	; 398
223 0 1	226 0 1	; 399
223 0 1	228 0 1	; 400
223 0 0	226 0 0	; 401
224 0 0	229 0 0	; 402
223 0 0	230 0 0	; 403
223 0 1	321 0 1	; 404
223 0 1	320 0 1	; 405
223 0 1	39 0 0	; 406
219 0 1	223 0 1	; 407
220 0 0	223 0 0	; 408
218 0 0	223 0 0	; 409
222 0 1	223 0 1	; 410
223 0 1	231 0 1	; 411
223 0 0	231 0 0	; 412
231 0 1	232 0 1	; 413
223 0 1	233 0 1	; 414
231 0 0	232 0 0	; 415
223 0 0	234 0 0	; 416
223 0 1	235 0 1	; 417
223 0 1	236 0 1	; 418
237 0 0	386 0 0	; 419
238 0 0	239 0 0	; 420
232 0 1	235 0 1	; 421
223 0 1	240 0 1	; 422
241 0 1	242 0 1	; 423
243 0 1	244 0 1	; 424
243 0 0	244 0 0	; 425
223 0 1	245 0 1	; 426
223 0 1	246 0 1	; 427
223 0 1	247 0 1	; 428
248 0 1	249 0 1	; 429
248 0 1	250 0 1	; 430
251 0 1	252 0 1	; 431
251 0 0	252 0 0	; 432
223 0 1	253 0 1	; 433
223 0 0	254 0 0	; 434
223 0 1	255 0 1	; 435
223 0 1	256 0 1	; 436
223 0 0	257 0 0	; 437
258 0 1	259 0 1	; 438
258 0 1	260 0 1	; 439
223 0 1	262 0 1	; 440
264 0 1	265 0 1	; 441
263 0 1	266 0 1	; 442
243 0 1	267 0 1	; 443
243 0 0	268 0 0	; 444
243 0 0	269 0 0	; 445
223 0 0	255 0 0	; 446
223 0 0	271 0 0	; 447
223 0 0	272 0 0	; 448
223 0 0	273 0 0	; 449
243 0 0	274 0 0	; 450
275 0 0	276 0 0	; 451
277 0 1	278 0 1	; 452
241 0 0	279 0 0	; 453
241 0 0	280 0 0	; 454
223 0 0	281 0 0	; 455
223 0 0	282 0 0	; 456
223 0 0	283 0 0	; 457
284 0 0	285 0 0	; 458
284 0 0	286 0 0	; 459
223 0 0	287 0 0	; 460
223 0 1	288 0 1	; 461
223 0 0	289 0 0	; 462
290 0 0	291 0 0	; 463
292 0 1	293 0 1	; 464
290 0 1	293 0 1	; 465
223 0 1	294 0 1	; 466
223 0 1	2 0 0	; 467
223 0 0	151 0 1	; 468
223 0 1	1 1 0	; 469
223 0 1	217 0 0	; 470
223 0 0	297 0 0	; 471
223 0 1	298 0 1	; 472
223 0 0	2 0 0	; 473
295 0 1	299 0 1	; 474
295 0 1	300 0 1	; 475
223 0 1	302 0 1	; 476
223 0 1	303 0 1	; 477
304 0 1	305 0 1	; 478
256 0 1	304 0 1	; 479
306 0 1	388 0 1	; 480
306 0 0	388 0 0	; 481
243 0 1	268 0 1	; 482
223 0 0	1 1 0	; 483
223 0 1	297 0 1	; 484
223 0 0	307 0 0	; 485
223 0 0	308 0 0	; 486
223 0 0	309 0 0	; 487
223 0 0	310 0 0	; 488
311 0 0	312 0 0	; 489
311 0 0	313 0 0	; 490
314 0 0	315 0 0	; 491
316 0 1	317 0 1	; 492
275 0 0	318 0 0	; 493
275 0 1	319 0 1	; 494
223 0 1	272 0 1	; 495
322 0 0	389 0 0	; 496
322 0 1	389 0 1	; 497
223 0 1	323 0 1	; 498
223 0 1	324 0 1	; 499
324 0 0	325 0 0	; 500
305 0 1	325 0 1	; 501
326 0 1	390 0 1	; 502
327 0 1	390 0 1	; 503
223 0 0	328 0 0	; 504
223 0 0	329 0 0	; 505
277 0 1	330 0 1	; 506
277 0 0	331 0 0	; 507
332 0 0	333 0 0	; 508
333 0 0	334 0 0	; 509
223 0 1	336 0 1	; 510
337 0 0	338 0 0	; 511
337 0 1	339 0 1	; 512
223 0 1	340 0 1	; 513
223 0 0	341 0 0	; 514
342 0 1	343 0 1	; 515
284 0 1	344 0 1	; 516
345 0 0	346 0 0	; 517
345 0 0	347 0 0	; 518
345 0 1	348 0 1	; 519
223 0 0	349 0 0	; 520
223 0 1	350 0 1	; 521
223 0 0	340 0 0	; 522
345 0 1	351 0 1	; 523
345 0 0	348 0 0	; 524
258 0 0	260 0 0	; 525
258 0 0	259 0 0	; 526
223 0 0	352 0 0	; 527
223 0 1	353 0 1	; 528
354 0 1	355 0 1	; 529
356 0 1	357 0 1	; 530
356 0 0	358 0 0	; 531
223 0 0	359 0 0	; 532
248 0 0	250 0 0	; 533
248 0 0	249 0 0	; 534
219 0 1	235 0 1	; 535
231 0 0	360 0 0	; 536
219 0 0	231 0 0	; 537
223 0 0	361 0 0	; 538
223 0 0	362 0 0	; 539
223 0 1	363 0 1	; 540
223 0 0	364 0 0	; 541
223 0 1	365 0 1	; 542
360 0 0	366 0 0	; 543
223 0 0	235 0 0	; 544
235 0 1	363 0 1	; 545
223 0 0	367 0 0	; 546
337 0 0	368 0 0	; 547
337 0 1	338 0 1	; 548
223 0 1	369 0 1	; 549
345 0 1	347 0 1	; 550
223 0 0	324 0 0	; 551
256 0 1	325 0 1	; 552
241 0 1	370 0 1	; 553
241 0 1	371 0 1	; 554
223 0 0	372 0 0	; 555
223 0 1	362 0 1	; 556
223 0 0	373 0 0	; 557
255 0 0	363 0 0	; 558
277 0 0	1 1 0	; 559
362 0 0	372 0 0	; 560
223 0 0	374 0 0	; 561
223 0 0	375 0 0	; 562
376 0 1	377 0 1	; 563
377 0 1	378 0 1	; 564
378 0 0	379 0 0	; 565
223 0 0	380 0 0	; 566
277 0 0	381 0 0	; 567
223 0 0	382 0 0	; 568
383 0 0	384 0 0	; 569
383 0 0	385 0 0	; 570
223 0 0	294 0 0	; 571
223 0 0	320 0 0	; 572
223 0 0	321 0 0	; 573
223 0 0	387 0 0	; 574
; level 12
n 204
391 0 0	223 0 1	; 575
392 0 0	223 0 0	; 576
393 0 0	223 0 1	; 577
394 0 0	223 0 1	; 578
395 0 0	223 0 0	; 579
394 0 0	396 0 1	; 580
395 0 0	397 0 1	; 581
398 0 0	261 0 1	; 582
223 0 1	399 0 1	; 583
223 0 1	400 0 1	; 584
223 0 0	401 0 1	; 585
402 0 1	403 0 1	; 586
396 0 1	399 0 1	; 587
223 0 1	404 0 1	; 588
223 0 0	571 0 1	; 589
223 0 1	405 0 1	; 590
223 0 1	406 0 1	; 591
223 0 0	572 0 1	; 592
223 0 0	573 0 1	; 593
223 0 1	407 0 0	; 594
223 0 0	408 0 0	; 595
223 0 0	409 0 0	; 596
223 0 1	410 0 0	; 597
223 0 1	411 0 0	; 598
397 0 1	412 0 0	; 599
413 0 1	414 0 1	; 600
415 0 1	416 0 1	; 601
417 0 0	418 0 1	; 602
419 0 1	420 0 0	; 603
421 0 0	422 0 1	; 604
223 0 1	417 0 0	; 605
241 0 1	423 0 0	; 606
243 0 1	424 0 0	; 607
243 0 0	425 0 0	; 608
223 0 1	426 0 0	; 609
392 0 0	392 0 1	; 610
393 0 1	427 0 1	; 611
223 0 1	428 0 0	; 612
429 0 0	430 0 1	; 613
251 0 1	431 0 0	; 614
432 0 0	432 0 1	; 615
223 0 1	433 0 0	; 616
395 0 1	434 0 1	; 617
435 0 0	436 0 1	; 618
395 0 1	437 0 1	; 619
438 0 0	439 0 1	; 620
435 0 0	440 0 1	; 621
441 0 0	442 0 1	; 622
243 0 1	443 0 0	; 623
444 0 0	445 0 1	; 624
251 0 1	1 1 0	; 625
251 0 0	270 0 0	; 626
223 0 1	404 0 0	; 627
571 0 0	571 0 1	; 628
405 0 0	405 0 1	; 629
446 0 0	447 0 1	; 630
223 0 0	448 0 0	; 631
396 0 1	411 0 0	; 632
446 0 0	449 0 1	; 633
243 0 0	450 0 0	; 634
275 0 0	451 0 0	; 635
275 0 1	452 0 0	; 636
453 0 0	454 0 1	; 637
572 0 0	572 0 1	; 638
407 0 0	407 0 1	; 639
408 0 1	455 0 1	; 640
223 0 0	456 0 0	; 641
410 0 0	410 0 1	; 642
408 0 1	457 0 1	; 643
458 0 0	459 0 1	; 644
223 0 0	460 0 0	; 645
410 0 1	461 0 1	; 646
223 0 0	462 0 0	; 647
290 0 0	463 0 0	; 648
464 0 0	465 0 1	; 649
295 0 0	296 0 0	; 650
574 0 0	574 0 1	; 651
466 0 0	466 0 1	; 652
223 0 0	468 0 1	; 653
223 0 0	471 0 1	; 654
223 0 1	472 0 1	; 655
223 0 0	2 0 0	; 656
223 0 0	473 0 1	; 657
223 0 1	469 0 1	; 658
223 0 1	426 0 1	; 659
393 0 0	427 0 1	; 660
474 0 1	475 0 1	; 661
251 0 1	431 0 1	; 662
223 0 1	476 0 1	; 663
436 0 1	477 0 1	; 664
478 0 1	479 0 0	; 665
480 0 0	388 0 1	; 666
243 0 1	482 0 1	; 667
223 0 0	483 0 1	; 668
223 0 1	484 0 1	; 669
485 0 1	486 0 1	; 670
223 0 0	487 0 1	; 671
455 0 1	488 0 1	; 672
489 0 1	490 0 1	; 673
314 0 0	491 0 1	; 674
455 0 1	485 0 1	; 675
275 0 0	493 0 1	; 676
391 0 1	223 0 1	; 677
223 0 1	495 0 0	; 678
223 0 0	409 0 1	; 679
399 0 1	400 0 1	; 680
497 0 0	389 0 1	; 681
223 0 1	498 0 1	; 682
400 0 1	499 0 1	; 683
325 0 1	501 0 0	; 684
502 0 0	503 0 0	; 685
223 0 1	411 0 1	; 686
223 0 0	448 0 1	; 687
401 0 1	446 0 1	; 688
223 0 0	504 0 1	; 689
408 0 0	455 0 1	; 690
223 0 0	505 0 1	; 691
277 0 0	507 0 1	; 692
508 0 0	509 0 1	; 693
393 0 1	427 0 0	; 694
393 0 1	510 0 0	; 695
337 0 1	512 0 0	; 696
435 0 0	513 0 0	; 697
395 0 1	514 0 0	; 698
515 0 0	516 0 0	; 699
517 0 0	518 0 0	; 700
345 0 1	519 0 0	; 701
395 0 1	520 0 0	; 702
411 0 0	521 0 0	; 703
446 0 0	522 0 0	; 704
345 0 1	523 0 0	; 705
345 0 0	524 0 0	; 706
525 0 0	526 0 0	; 707
410 0 1	461 0 0	; 708
408 0 1	527 0 0	; 709
410 0 1	528 0 0	; 710
529 0 0	530 0 0	; 711
356 0 0	531 0 0	; 712
408 0 1	532 0 0	; 713
533 0 0	534 0 0	; 714
410 0 0	535 0 0	; 715
448 0 1	536 0 1	; 716
223 0 0	412 0 0	; 717
537 0 0	538 0 1	; 718
410 0 0	411 0 1	; 719
412 0 0	539 0 1	; 720
417 0 0	540 0 1	; 721
412 0 0	541 0 1	; 722
417 0 0	362 0 1	; 723
535 0 0	542 0 1	; 724
448 0 1	543 0 0	; 725
363 0 0	544 0 0	; 726
363 0 1	545 0 0	; 727
417 0 0	363 0 1	; 728
537 0 0	546 0 1	; 729
427 0 0	427 0 1	; 730
427 0 1	510 0 0	; 731
511 0 0	547 0 1	; 732
337 0 1	548 0 1	; 733
475 0 0	475 0 1	; 734
399 0 1	513 0 0	; 735
395 0 0	395 0 1	; 736
223 0 1	549 0 1	; 737
499 0 1	513 0 0	; 738
518 0 0	518 0 1	; 739
345 0 1	550 0 1	; 740
227 0 1	311 0 1	; 741
500 0 0	551 0 0	; 742
325 0 1	552 0 0	; 743
553 0 0	554 0 1	; 744
446 0 0	555 0 1	; 745
411 0 0	556 0 1	; 746
446 0 0	557 0 1	; 747
363 0 0	558 0 0	; 748
277 0 1	1 1 0	; 749
277 0 0	559 0 1	; 750
446 0 0	560 0 1	; 751
455 0 1	561 0 0	; 752
223 0 0	562 0 1	; 753
563 0 0	564 0 0	; 754
378 0 0	565 0 1	; 755
455 0 1	566 0 0	; 756
506 0 0	506 0 1	; 757
277 0 0	567 0 1	; 758
455 0 1	568 0 0	; 759
569 0 0	570 0 1	; 760
223 0 1	472 0 0	; 761
223 0 1	484 0 0	; 762
223 0 1	469 0 0	; 763
223 0 0	468 0 0	; 764
223 0 1	470 0 0	; 765
223 0 0	471 0 0	; 766
393 0 1	223 0 1	; 767
392 0 1	223 0 0	; 768
223 0 1	435 0 0	; 769
395 0 1	223 0 0	; 770
223 0 1	405 0 0	; 771
223 0 0	446 0 0	; 772
223 0 1	407 0 1	; 773
223 0 1	410 0 1	; 774
223 0 0	408 0 1	; 775
223 0 0	573 0 0	; 776
223 0 0	571 0 0	; 777
223 0 0	572 0 0	; 778
; level 13
n 218
575 0 0	576 0 0	; 779
577 0 0	223 0 0	; 780
227 0 0	227 0 1	; 781
578 0 0	579 0 0	; 782
580 0 0	581 0 0	; 783
582 0 0	261 0 0	; 784
223 0 0	583 0 1	; 785
584 0 1	585 0 1	; 786
586 0 0	587 0 1	; 787
588 0 1	589 0 1	; 788
223 0 0	590 0 1	; 789
223 0 0	591 0 1	; 790
223 0 1	592 0 1	; 791
593 0 1	594 0 1	; 792
223 0 1	595 0 1	; 793
596 0 1	597 0 1	; 794
2 0 0	1 1 0	; 795
223 0 0	223 0 1	; 796
1 0 0	223 0 1	; 797
598 0 1	599 0 1	; 798
600 0 0	601 0 0	; 799
223 0 0	602 0 0	; 800
603 0 0	604 0 0	; 801
223 0 0	605 0 1	; 802
241 0 0	606 0 1	; 803
607 0 1	608 0 1	; 804
609 0 1	610 0 1	; 805
223 0 0	611 0 0	; 806
610 0 1	612 0 1	; 807
248 0 0	613 0 0	; 808
614 0 1	615 0 0	; 809
616 0 1	617 0 0	; 810
223 0 0	618 0 0	; 811
616 0 1	619 0 0	; 812
258 0 0	620 0 0	; 813
223 0 0	621 0 0	; 814
263 0 0	622 0 0	; 815
623 0 1	624 0 0	; 816
625 0 1	626 0 1	; 817
627 0 1	628 0 0	; 818
223 0 0	629 0 0	; 819
223 0 1	630 0 0	; 820
631 0 1	632 0 1	; 821
223 0 1	633 0 0	; 822
607 0 1	634 0 1	; 823
635 0 1	636 0 1	; 824
241 0 1	637 0 0	; 825
223 0 1	638 0 0	; 826
639 0 1	776 0 1	; 827
223 0 1	640 0 0	; 828
641 0 1	642 0 1	; 829
223 0 1	643 0 0	; 830
284 0 1	644 0 0	; 831
645 0 1	646 0 0	; 832
642 0 1	645 0 1	; 833
642 0 1	647 0 1	; 834
648 0 1	649 0 0	; 835
295 0 1	650 0 1	; 836
223 0 1	651 0 0	; 837
652 0 0	777 0 1	; 838
467 0 1	653 0 0	; 839
223 0 0	469 0 1	; 840
470 0 1	654 0 0	; 841
223 0 0	655 0 0	; 842
656 0 1	1 1 0	; 843
467 0 1	657 0 0	; 844
223 0 0	658 0 0	; 845
653 0 0	470 0 1	; 846
392 0 0	659 0 0	; 847
223 0 0	660 0 0	; 848
295 0 0	661 0 0	; 849
21 0 0	301 0 1	; 850
432 0 1	662 0 0	; 851
395 0 0	663 0 0	; 852
223 0 0	664 0 1	; 853
304 0 0	665 0 0	; 854
666 0 1	481 0 0	; 855
444 0 1	667 0 0	; 856
588 0 0	571 0 1	; 857
223 0 0	405 0 1	; 858
223 0 1	668 0 0	; 859
473 0 1	669 0 0	; 860
467 0 1	473 0 1	; 861
227 0 1	473 0 1	; 862
223 0 1	572 0 1	; 863
593 0 0	407 0 0	; 864
223 0 1	670 0 0	; 865
410 0 0	671 0 0	; 866
223 0 1	672 0 1	; 867
311 0 1	673 0 0	; 868
674 0 0	492 0 0	; 869
223 0 1	675 0 1	; 870
676 0 0	494 0 1	; 871
223 0 1	574 0 1	; 872
589 0 0	466 0 1	; 873
598 0 0	412 0 0	; 874
223 0 0	417 0 0	; 875
392 0 1	677 0 1	; 876
393 0 1	223 0 0	; 877
395 0 1	678 0 0	; 878
223 0 0	435 0 0	; 879
627 0 0	571 0 0	; 880
223 0 0	405 0 0	; 881
223 0 1	446 0 0	; 882
411 0 0	631 0 0	; 883
223 0 1	572 0 0	; 884
407 0 1	776 0 0	; 885
223 0 1	408 0 1	; 886
410 0 1	679 0 0	; 887
223 0 1	574 0 0	; 888
466 0 0	777 0 0	; 889
393 0 0	223 0 0	; 890
575 0 0	392 0 0	; 891
223 0 0	680 0 1	; 892
496 0 0	681 0 0	; 893
395 0 0	682 0 1	; 894
223 0 0	683 0 0	; 895
500 0 0	684 0 1	; 896
685 0 0	390 0 0	; 897
588 0 1	571 0 1	; 898
686 0 1	687 0 1	; 899
223 0 1	688 0 1	; 900
593 0 1	407 0 0	; 901
410 0 0	689 0 1	; 902
223 0 1	690 0 0	; 903
410 0 0	691 0 1	; 904
506 0 1	692 0 1	; 905
693 0 0	335 0 1	; 906
589 0 1	466 0 1	; 907
598 0 1	412 0 0	; 908
223 0 0	694 0 1	; 909
392 0 1	677 0 0	; 910
223 0 0	695 0 1	; 911
511 0 0	696 0 1	; 912
223 0 0	697 0 1	; 913
678 0 1	698 0 1	; 914
284 0 0	699 0 0	; 915
700 0 0	701 0 1	; 916
678 0 1	702 0 1	; 917
627 0 1	571 0 0	; 918
631 0 1	703 0 1	; 919
223 0 1	704 0 1	; 920
705 0 0	706 0 1	; 921
258 0 1	707 0 0	; 922
407 0 1	776 0 1	; 923
679 0 1	708 0 1	; 924
223 0 1	709 0 1	; 925
679 0 1	710 0 1	; 926
711 0 0	712 0 1	; 927
223 0 1	713 0 1	; 928
248 0 1	714 0 0	; 929
466 0 0	777 0 1	; 930
715 0 1	716 0 1	; 931
686 0 0	717 0 1	; 932
718 0 0	719 0 0	; 933
686 0 0	720 0 0	; 934
223 0 0	721 0 0	; 935
686 0 0	722 0 0	; 936
362 0 0	723 0 0	; 937
724 0 0	725 0 1	; 938
726 0 1	727 0 0	; 939
223 0 0	728 0 0	; 940
719 0 0	729 0 0	; 941
223 0 0	730 0 0	; 942
610 0 1	659 0 0	; 943
223 0 0	731 0 1	; 944
732 0 0	733 0 0	; 945
615 0 0	662 0 0	; 946
295 0 0	734 0 0	; 947
223 0 0	735 0 1	; 948
736 0 1	737 0 0	; 949
223 0 0	738 0 1	; 950
739 0 0	740 0 0	; 951
311 0 0	741 0 0	; 952
742 0 1	743 0 0	; 953
617 0 0	737 0 0	; 954
241 0 0	744 0 0	; 955
588 0 0	628 0 0	; 956
598 0 1	687 0 0	; 957
223 0 1	745 0 0	; 958
1 0 0	1 1 0	; 959
687 0 0	746 0 0	; 960
223 0 1	747 0 0	; 961
728 0 0	748 0 0	; 962
749 0 1	750 0 0	; 963
362 0 1	751 0 0	; 964
593 0 0	639 0 1	; 965
642 0 1	671 0 0	; 966
223 0 1	752 0 1	; 967
642 0 1	753 0 0	; 968
754 0 0	755 0 0	; 969
223 0 1	756 0 1	; 970
757 0 0	758 0 0	; 971
223 0 1	759 0 1	; 972
383 0 1	760 0 0	; 973
589 0 0	652 0 0	; 974
223 0 0	761 0 0	; 975
717 0 0	762 0 0	; 976
223 0 0	763 0 0	; 977
764 0 0	765 0 0	; 978
223 0 0	605 0 0	; 979
598 0 0	717 0 0	; 980
765 0 0	766 0 0	; 981
223 0 0	767 0 1	; 982
677 0 1	768 0 1	; 983
223 0 0	769 0 0	; 984
678 0 0	770 0 1	; 985
223 0 0	771 0 0	; 986
627 0 0	777 0 0	; 987
598 0 0	631 0 0	; 988
223 0 1	772 0 0	; 989
773 0 0	776 0 0	; 990
223 0 1	778 0 0	; 991
679 0 0	774 0 0	; 992
223 0 1	775 0 0	; 993
223 0 1	387 0 0	; 994
223 0 1	294 0 0	; 995
223 0 0	1 1 0	; 996
; level 14
n 200
780 0 1	781 0 0	; 997
779 0 0	1 1 0	; 998
782 0 0	783 0 0	; 999
784 0 1	785 0 0	; 1000
781 0 0	785 0 0	; 1001
785 0 0	787 0 0	; 1002
782 0 0	1 1 0	; 1003
783 0 0	786 0 0	; 1004
781 0 0	789 0 0	; 1005
781 0 0	790 0 0	; 1006
788 0 0	1 1 0	; 1007
781 0 1	791 0 0	; 1008
792 0 0	1 1 0	; 1009
781 0 1	793 0 0	; 1010
794 0 0	1 1 0	; 1011
1 0 0	795 0 1	; 1012
781 0 1	797 0 1	; 1013
798 0 0	799 0 0	; 1014
800 0 0	801 0 0	; 1015
781 0 0	800 0 0	; 1016
801 0 0	802 0 0	; 1017
798 0 0	1 1 0	; 1018
800 0 0	803 0 0	; 1019
798 0 0	804 0 0	; 1020
781 0 0	806 0 0	; 1021
806 0 0	808 0 0	; 1022
807 0 1	1 1 0	; 1023
805 0 0	1 1 0	; 1024
807 0 1	809 0 0	; 1025
811 0 0	813 0 0	; 1026
781 0 0	811 0 0	; 1027
812 0 0	1 1 0	; 1028
811 0 0	815 0 0	; 1029
812 0 0	816 0 0	; 1030
812 0 0	817 0 0	; 1031
781 0 0	819 0 0	; 1032
818 0 0	1 1 0	; 1033
781 0 1	822 0 0	; 1034
821 0 0	1 1 0	; 1035
821 0 0	823 0 1	; 1036
821 0 0	824 0 0	; 1037
822 0 0	825 0 0	; 1038
781 0 1	826 0 0	; 1039
827 0 1	1 1 0	; 1040
781 0 1	830 0 0	; 1041
830 0 0	831 0 0	; 1042
832 0 0	1 1 0	; 1043
833 0 1	1 1 0	; 1044
834 0 1	1 1 0	; 1045
833 0 1	835 0 0	; 1046
830 0 0	836 0 0	; 1047
781 0 1	837 0 0	; 1048
838 0 1	1 1 0	; 1049
781 0 0	840 0 0	; 1050
840 0 0	843 0 0	; 1051
839 0 0	1 1 0	; 1052
781 0 0	848 0 0	; 1053
848 0 0	849 0 0	; 1054
847 0 1	1 1 0	; 1055
847 0 1	850 0 1	; 1056
847 0 1	851 0 1	; 1057
853 0 0	854 0 0	; 1058
781 0 0	853 0 0	; 1059
852 0 1	855 0 0	; 1060
852 0 1	1 1 0	; 1061
852 0 1	856 0 1	; 1062
781 0 0	858 0 0	; 1063
857 0 0	1 1 0	; 1064
781 0 1	859 0 0	; 1065
861 0 1	1 1 0	; 1066
781 0 1	863 0 0	; 1067
864 0 0	1 1 0	; 1068
781 0 1	867 0 0	; 1069
865 0 0	868 0 0	; 1070
866 0 1	1 1 0	; 1071
866 0 1	869 0 0	; 1072
781 0 1	870 0 0	; 1073
866 0 1	871 0 0	; 1074
781 0 1	865 0 0	; 1075
781 0 1	872 0 0	; 1076
873 0 0	1 1 0	; 1077
781 0 0	875 0 0	; 1078
874 0 0	1 1 0	; 1079
781 0 0	877 0 1	; 1080
876 0 1	1 1 0	; 1081
781 0 0	879 0 0	; 1082
878 0 1	1 1 0	; 1083
781 0 0	881 0 0	; 1084
880 0 0	1 1 0	; 1085
781 0 1	882 0 0	; 1086
883 0 1	1 1 0	; 1087
781 0 1	884 0 0	; 1088
885 0 1	1 1 0	; 1089
781 0 1	886 0 0	; 1090
887 0 1	1 1 0	; 1091
781 0 1	888 0 0	; 1092
889 0 1	1 1 0	; 1093
781 0 1	890 0 0	; 1094
891 0 1	1 1 0	; 1095
781 0 1	892 0 1	; 1096
893 0 0	894 0 0	; 1097
894 0 0	1 1 0	; 1098
781 0 1	895 0 1	; 1099
894 0 0	896 0 0	; 1100
895 0 1	897 0 0	; 1101
781 0 1	858 0 1	; 1102
898 0 1	1 1 0	; 1103
899 0 0	1 1 0	; 1104
781 0 0	900 0 1	; 1105
901 0 1	1 1 0	; 1106
781 0 0	863 0 1	; 1107
902 0 0	1 1 0	; 1108
13 0 0	902 0 0	; 1109
781 0 0	903 0 1	; 1110
904 0 0	1 1 0	; 1111
902 0 0	905 0 0	; 1112
903 0 1	906 0 0	; 1113
907 0 1	1 1 0	; 1114
781 0 0	872 0 1	; 1115
781 0 1	875 0 1	; 1116
908 0 1	1 1 0	; 1117
781 0 1	911 0 1	; 1118
910 0 0	1 1 0	; 1119
910 0 0	912 0 0	; 1120
913 0 1	915 0 1	; 1121
916 0 0	917 0 1	; 1122
917 0 1	1 1 0	; 1123
781 0 1	913 0 1	; 1124
781 0 1	881 0 1	; 1125
918 0 1	1 1 0	; 1126
919 0 1	921 0 0	; 1127
919 0 1	1 1 0	; 1128
920 0 1	922 0 1	; 1129
781 0 0	920 0 1	; 1130
923 0 0	1 1 0	; 1131
781 0 0	884 0 1	; 1132
926 0 1	1 1 0	; 1133
926 0 1	927 0 0	; 1134
928 0 1	929 0 1	; 1135
781 0 0	928 0 1	; 1136
930 0 0	1 1 0	; 1137
781 0 0	888 0 1	; 1138
802 0 1	931 0 0	; 1139
932 0 1	933 0 0	; 1140
781 0 1	935 0 1	; 1141
934 0 1	1 1 0	; 1142
935 0 1	937 0 1	; 1143
935 0 1	938 0 0	; 1144
934 0 1	939 0 0	; 1145
933 0 0	934 0 1	; 1146
936 0 1	941 0 1	; 1147
934 0 1	941 0 1	; 1148
781 0 1	944 0 1	; 1149
943 0 0	1 1 0	; 1150
943 0 0	945 0 0	; 1151
781 0 1	942 0 1	; 1152
943 0 0	946 0 0	; 1153
944 0 1	947 0 1	; 1154
781 0 1	950 0 1	; 1155
949 0 0	951 0 0	; 1156
949 0 0	1 1 0	; 1157
950 0 1	952 0 1	; 1158
949 0 0	953 0 0	; 1159
950 0 1	955 0 1	; 1160
781 0 1	819 0 1	; 1161
956 0 1	1 1 0	; 1162
960 0 1	1 1 0	; 1163
781 0 0	958 0 1	; 1164
960 0 1	962 0 0	; 1165
960 0 1	963 0 0	; 1166
958 0 1	964 0 1	; 1167
965 0 1	1 1 0	; 1168
781 0 0	826 0 1	; 1169
968 0 0	1 1 0	; 1170
968 0 0	969 0 0	; 1171
781 0 0	970 0 1	; 1172
966 0 0	1 1 0	; 1173
968 0 0	971 0 0	; 1174
781 0 0	972 0 1	; 1175
970 0 1	973 0 1	; 1176
974 0 1	1 1 0	; 1177
781 0 0	837 0 1	; 1178
959 0 0	1 1 0	; 1179
781 0 1	979 0 1	; 1180
980 0 1	1 1 0	; 1181
781 0 1	982 0 1	; 1182
983 0 1	1 1 0	; 1183
781 0 1	984 0 1	; 1184
985 0 1	1 1 0	; 1185
781 0 1	986 0 1	; 1186
987 0 1	1 1 0	; 1187
988 0 0	1 1 0	; 1188
781 0 0	989 0 1	; 1189
990 0 0	1 1 0	; 1190
781 0 0	991 0 1	; 1191
992 0 1	1 1 0	; 1192
781 0 0	993 0 1	; 1193
796 0 1	1 1 0	; 1194
781 0 0	796 0 0	; 1195
781 0 0	994 0 1	; 1196
; level 15
n 170
997 0 0	997 0 1	; 1197
780 0 1	997 0 0	; 1198
998 0 0	998 0 1	; 1199
782 0 0	999 0 0	; 1200
1000 0 0	1001 0 0	; 1201
782 0 0	999 0 1	; 1202
999 0 1	786 0 0	; 1203
785 0 0	1002 0 1	; 1204
785 0 0	1001 0 0	; 1205
782 0 0	1003 0 1	; 1206
782 0 0	1004 0 0	; 1207
789 0 0	1006 0 1	; 1208
791 0 0	1008 0 1	; 1209
1010 0 0	1010 0 1	; 1210
1011 0 0	1011 0 1	; 1211
793 0 0	1010 0 0	; 1212
1012 0 0	959 0 1	; 1213
796 0 0	1179 0 0	; 1214
796 0 1	1013 0 1	; 1215
798 0 0	1014 0 0	; 1216
800 0 0	1015 0 0	; 1217
800 0 0	1016 0 0	; 1218
798 0 0	799 0 0	; 1219
800 0 0	1015 0 1	; 1220
798 0 0	1014 0 1	; 1221
800 0 0	1017 0 1	; 1222
798 0 0	1018 0 1	; 1223
1015 0 1	1019 0 1	; 1224
1014 0 1	1020 0 1	; 1225
1021 0 1	1022 0 1	; 1226
806 0 0	1021 0 1	; 1227
1023 0 0	1023 0 1	; 1228
1024 0 0	1025 0 1	; 1229
1026 0 1	1027 0 0	; 1230
1027 0 0	814 0 0	; 1231
811 0 0	1029 0 1	; 1232
1030 0 1	1031 0 1	; 1233
819 0 0	1032 0 1	; 1234
822 0 0	1034 0 0	; 1235
1036 0 1	1037 0 1	; 1236
822 0 0	1038 0 1	; 1237
826 0 0	1039 0 1	; 1238
1041 0 1	1042 0 1	; 1239
1043 0 0	1044 0 1	; 1240
830 0 0	1041 0 0	; 1241
1045 0 0	1046 0 1	; 1242
830 0 0	1047 0 1	; 1243
837 0 0	1048 0 1	; 1244
838 0 1	1049 0 0	; 1245
840 0 0	1050 0 0	; 1246
1051 0 1	996 0 0	; 1247
1050 0 0	845 0 0	; 1248
1052 0 1	846 0 1	; 1249
1053 0 1	1054 0 1	; 1250
848 0 0	1053 0 1	; 1251
1055 0 0	1056 0 1	; 1252
1055 0 0	1057 0 1	; 1253
1058 0 1	1059 0 0	; 1254
853 0 0	1059 0 0	; 1255
1060 0 1	1061 0 1	; 1256
1061 0 1	1062 0 1	; 1257
858 0 0	1063 0 1	; 1258
862 0 1	1066 0 1	; 1259
859 0 0	1065 0 0	; 1260
863 0 0	1067 0 1	; 1261
1069 0 1	1070 0 1	; 1262
1071 0 0	1072 0 1	; 1263
870 0 0	1073 0 0	; 1264
1071 0 0	1074 0 1	; 1265
865 0 0	1075 0 0	; 1266
872 0 0	1076 0 1	; 1267
873 0 0	1077 0 0	; 1268
875 0 0	1078 0 0	; 1269
874 0 0	1079 0 1	; 1270
1080 0 0	1080 0 1	; 1271
877 0 1	1080 0 1	; 1272
1081 0 0	1081 0 1	; 1273
879 0 0	1082 0 0	; 1274
881 0 0	1084 0 1	; 1275
882 0 0	1086 0 0	; 1276
884 0 0	1088 0 1	; 1277
1090 0 0	1090 0 1	; 1278
1091 0 0	1091 0 1	; 1279
886 0 0	1090 0 0	; 1280
888 0 0	1092 0 1	; 1281
889 0 1	1093 0 0	; 1282
890 0 0	1094 0 1	; 1283
1095 0 0	1095 0 1	; 1284
1094 0 0	1094 0 1	; 1285
892 0 1	1096 0 0	; 1286
1097 0 0	1098 0 1	; 1287
895 0 1	1099 0 0	; 1288
1098 0 1	1100 0 1	; 1289
1099 0 0	1101 0 1	; 1290
858 0 1	1102 0 1	; 1291
900 0 1	1105 0 0	; 1292
899 0 0	1104 0 1	; 1293
863 0 1	1107 0 1	; 1294
1108 0 0	1109 0 0	; 1295
903 0 1	1110 0 0	; 1296
1111 0 0	1112 0 1	; 1297
1110 0 1	1113 0 1	; 1298
907 0 1	1114 0 0	; 1299
872 0 1	1115 0 1	; 1300
875 0 1	1116 0 0	; 1301
908 0 1	1117 0 1	; 1302
911 0 1	1118 0 1	; 1303
1119 0 0	1120 0 1	; 1304
1119 0 0	1119 0 1	; 1305
1118 0 0	1118 0 1	; 1306
913 0 1	1121 0 1	; 1307
1122 0 0	1123 0 1	; 1308
913 0 1	1124 0 0	; 1309
881 0 1	1125 0 1	; 1310
1127 0 1	1128 0 1	; 1311
920 0 1	1129 0 1	; 1312
920 0 1	1130 0 0	; 1313
884 0 1	1132 0 1	; 1314
1133 0 0	1134 0 1	; 1315
928 0 1	1135 0 1	; 1316
1133 0 0	1133 0 1	; 1317
928 0 1	1136 0 0	; 1318
1136 0 0	1136 0 1	; 1319
930 0 0	1137 0 0	; 1320
888 0 1	1138 0 1	; 1321
802 0 1	1139 0 0	; 1322
1140 0 0	934 0 1	; 1323
935 0 1	1141 0 0	; 1324
1142 0 1	936 0 1	; 1325
1143 0 1	1144 0 1	; 1326
1145 0 1	1146 0 0	; 1327
933 0 0	934 0 1	; 1328
1144 0 1	940 0 1	; 1329
936 0 1	1147 0 1	; 1330
944 0 1	1149 0 1	; 1331
1150 0 0	1151 0 1	; 1332
942 0 1	1152 0 1	; 1333
1150 0 0	1153 0 1	; 1334
1152 0 1	1154 0 1	; 1335
950 0 1	1155 0 0	; 1336
1156 0 1	1157 0 1	; 1337
950 0 1	1158 0 1	; 1338
1157 0 1	1159 0 1	; 1339
1155 0 0	1160 0 1	; 1340
819 0 1	1161 0 1	; 1341
1164 0 0	961 0 1	; 1342
1165 0 1	1166 0 1	; 1343
958 0 1	1167 0 1	; 1344
826 0 1	1169 0 1	; 1345
1170 0 0	1171 0 1	; 1346
970 0 1	1172 0 0	; 1347
1173 0 0	1174 0 1	; 1348
1175 0 1	1176 0 1	; 1349
974 0 1	1177 0 0	; 1350
837 0 1	1178 0 1	; 1351
979 0 1	1180 0 0	; 1352
980 0 1	1181 0 1	; 1353
982 0 1	1182 0 1	; 1354
1183 0 0	1183 0 1	; 1355
1182 0 0	1182 0 1	; 1356
984 0 1	1184 0 0	; 1357
986 0 1	1186 0 1	; 1358
989 0 1	1189 0 0	; 1359
991 0 1	1191 0 1	; 1360
1192 0 0	1192 0 1	; 1361
993 0 1	1193 0 0	; 1362
1193 0 0	1193 0 1	; 1363
796 0 1	1194 0 0	; 1364
796 0 0	1195 0 1	; 1365
994 0 1	1196 0 1	; 1366
; level 16
n 229
779 0 0	1197 0 0	; 1367
779 0 0	780 0 1	; 1368
1198 0 1	1199 0 0	; 1369
1200 0 1	1201 0 0	; 1370
785 0 0	1202 0 1	; 1371
1203 0 1	1204 0 1	; 1372
782 0 0	785 0 0	; 1373
1205 0 0	1206 0 0	; 1374
1204 0 1	1207 0 1	; 1375
788 0 0	1005 0 1	; 1376
788 0 0	789 0 0	; 1377
1208 0 0	1007 0 0	; 1378
1008 0 1	792 0 0	; 1379
791 0 0	792 0 0	; 1380
1009 0 0	1209 0 1	; 1381
1210 0 1	794 0 0	; 1382
793 0 0	794 0 0	; 1383
1211 0 0	1212 0 0	; 1384
1213 0 1	959 0 0	; 1385
796 0 0	796 0 1	; 1386
1214 0 0	1215 0 0	; 1387
1216 0 0	1217 0 1	; 1388
1014 0 1	1218 0 1	; 1389
1219 0 1	1220 0 0	; 1390
800 0 0	1221 0 1	; 1391
1216 0 1	1222 0 1	; 1392
1218 0 1	1223 0 1	; 1393
1224 0 1	1225 0 1	; 1394
798 0 0	800 0 0	; 1395
805 0 0	806 0 0	; 1396
807 0 1	1226 0 0	; 1397
806 0 0	807 0 1	; 1398
1227 0 1	1228 0 0	; 1399
1227 0 1	1229 0 0	; 1400
810 0 0	811 0 0	; 1401
812 0 0	1230 0 0	; 1402
812 0 0	814 0 0	; 1403
1231 0 1	1028 0 1	; 1404
1232 0 0	1233 0 0	; 1405
818 0 0	819 0 0	; 1406
818 0 0	1032 0 1	; 1407
1234 0 0	1033 0 0	; 1408
820 0 0	821 0 0	; 1409
821 0 0	1034 0 0	; 1410
821 0 0	822 0 0	; 1411
1035 0 1	1235 0 1	; 1412
1236 0 0	1237 0 1	; 1413
826 0 0	827 0 1	; 1414
827 0 1	1039 0 1	; 1415
1040 0 0	1238 0 1	; 1416
828 0 0	829 0 0	; 1417
1239 0 0	832 0 0	; 1418
830 0 0	832 0 0	; 1419
1240 0 0	1241 0 0	; 1420
1242 0 0	1243 0 0	; 1421
837 0 0	838 0 1	; 1422
838 0 1	1244 0 0	; 1423
1244 0 0	1245 0 0	; 1424
839 0 0	1246 0 1	; 1425
841 0 0	842 0 0	; 1426
1247 0 1	844 0 0	; 1427
1248 0 0	1249 0 0	; 1428
847 0 1	848 0 0	; 1429
847 0 1	1250 0 0	; 1430
1251 0 1	1252 0 0	; 1431
1251 0 1	1253 0 0	; 1432
852 0 1	853 0 0	; 1433
852 0 1	1254 0 0	; 1434
1255 0 0	1256 0 0	; 1435
1255 0 0	1257 0 1	; 1436
857 0 0	858 0 0	; 1437
857 0 0	1063 0 1	; 1438
1258 0 0	1064 0 0	; 1439
859 0 0	860 0 0	; 1440
1065 0 0	861 0 1	; 1441
859 0 0	1259 0 0	; 1442
1066 0 1	1260 0 1	; 1443
863 0 0	864 0 0	; 1444
864 0 0	1067 0 1	; 1445
1068 0 0	1261 0 1	; 1446
865 0 0	866 0 1	; 1447
866 0 1	1262 0 0	; 1448
1263 0 0	1264 0 0	; 1449
1265 0 0	1266 0 0	; 1450
872 0 0	873 0 0	; 1451
873 0 0	1267 0 0	; 1452
1267 0 0	1268 0 0	; 1453
874 0 0	875 0 0	; 1454
874 0 0	1269 0 1	; 1455
1269 0 1	1270 0 1	; 1456
876 0 1	877 0 1	; 1457
876 0 1	1271 0 1	; 1458
1272 0 1	1273 0 0	; 1459
878 0 1	879 0 0	; 1460
878 0 1	1082 0 0	; 1461
1274 0 0	1083 0 1	; 1462
880 0 0	881 0 0	; 1463
880 0 0	1084 0 1	; 1464
1275 0 0	1085 0 0	; 1465
882 0 0	883 0 1	; 1466
883 0 1	1086 0 0	; 1467
1087 0 1	1276 0 1	; 1468
884 0 0	885 0 1	; 1469
885 0 1	1088 0 1	; 1470
1089 0 0	1277 0 1	; 1471
886 0 0	887 0 1	; 1472
887 0 1	1278 0 1	; 1473
1279 0 0	1280 0 0	; 1474
888 0 0	889 0 1	; 1475
889 0 1	1281 0 0	; 1476
1281 0 0	1282 0 0	; 1477
1283 0 1	1284 0 0	; 1478
890 0 0	891 0 1	; 1479
891 0 1	1285 0 1	; 1480
1286 0 0	1287 0 0	; 1481
894 0 0	895 0 1	; 1482
1288 0 0	1289 0 1	; 1483
894 0 0	1290 0 1	; 1484
1291 0 0	1103 0 0	; 1485
858 0 1	898 0 1	; 1486
1102 0 1	898 0 1	; 1487
1104 0 1	1292 0 1	; 1488
899 0 0	900 0 1	; 1489
900 0 1	1293 0 0	; 1490
899 0 0	1105 0 0	; 1491
1106 0 0	1294 0 1	; 1492
863 0 1	901 0 1	; 1493
901 0 1	1107 0 1	; 1494
1295 0 0	1296 0 0	; 1495
902 0 0	903 0 1	; 1496
1296 0 0	1297 0 0	; 1497
902 0 0	1298 0 0	; 1498
1299 0 0	1300 0 0	; 1499
872 0 1	907 0 1	; 1500
907 0 1	1300 0 0	; 1501
875 0 1	908 0 1	; 1502
1301 0 1	1302 0 1	; 1503
908 0 1	1301 0 1	; 1504
909 0 1	910 0 0	; 1505
1303 0 1	1304 0 0	; 1506
1303 0 1	1305 0 0	; 1507
910 0 0	1306 0 1	; 1508
910 0 0	911 0 1	; 1509
913 0 1	914 0 1	; 1510
1307 0 0	1308 0 0	; 1511
913 0 1	917 0 1	; 1512
1123 0 1	1309 0 0	; 1513
917 0 1	1124 0 0	; 1514
881 0 1	918 0 1	; 1515
1310 0 0	1126 0 0	; 1516
918 0 1	1125 0 1	; 1517
919 0 1	920 0 1	; 1518
1311 0 0	1312 0 1	; 1519
1128 0 1	1313 0 1	; 1520
919 0 1	1130 0 0	; 1521
884 0 1	923 0 0	; 1522
1131 0 0	1314 0 1	; 1523
923 0 0	1132 0 1	; 1524
924 0 1	925 0 1	; 1525
1315 0 0	1316 0 0	; 1526
924 0 1	928 0 1	; 1527
1317 0 0	1318 0 0	; 1528
926 0 1	1319 0 1	; 1529
926 0 1	928 0 1	; 1530
888 0 1	930 0 0	; 1531
1320 0 0	1321 0 0	; 1532
930 0 0	1321 0 0	; 1533
1322 0 1	1323 0 0	; 1534
1324 0 1	1325 0 0	; 1535
1326 0 0	1327 0 0	; 1536
935 0 1	936 0 1	; 1537
1328 0 0	1329 0 1	; 1538
935 0 1	1330 0 1	; 1539
1324 0 1	1148 0 1	; 1540
942 0 1	943 0 0	; 1541
1331 0 1	1332 0 0	; 1542
1333 0 1	1334 0 0	; 1543
943 0 0	944 0 1	; 1544
943 0 0	1335 0 0	; 1545
948 0 1	949 0 0	; 1546
1336 0 0	1337 0 0	; 1547
1338 0 0	1339 0 1	; 1548
950 0 1	954 0 0	; 1549
954 0 0	1340 0 1	; 1550
819 0 1	956 0 1	; 1551
1341 0 0	1162 0 0	; 1552
956 0 1	1161 0 1	; 1553
957 0 0	958 0 1	; 1554
1163 0 1	1342 0 0	; 1555
1343 0 0	1344 0 1	; 1556
960 0 1	961 0 1	; 1557
960 0 1	1164 0 0	; 1558
826 0 1	965 0 1	; 1559
1168 0 0	1345 0 1	; 1560
965 0 1	1169 0 1	; 1561
966 0 0	967 0 1	; 1562
1346 0 0	1347 0 0	; 1563
1347 0 0	1348 0 0	; 1564
968 0 0	970 0 1	; 1565
968 0 0	1349 0 0	; 1566
837 0 1	974 0 1	; 1567
1350 0 0	1351 0 0	; 1568
974 0 1	1351 0 0	; 1569
975 0 1	976 0 0	; 1570
977 0 1	978 0 0	; 1571
1352 0 1	1353 0 1	; 1572
976 0 0	979 0 1	; 1573
975 0 1	981 0 1	; 1574
1352 0 1	980 0 1	; 1575
982 0 1	983 0 1	; 1576
1354 0 1	1355 0 0	; 1577
983 0 1	1356 0 1	; 1578
984 0 1	985 0 1	; 1579
1357 0 0	1185 0 1	; 1580
985 0 1	1184 0 0	; 1581
986 0 1	987 0 1	; 1582
1358 0 0	1187 0 0	; 1583
987 0 1	1186 0 1	; 1584
988 0 0	989 0 1	; 1585
1188 0 1	1359 0 1	; 1586
988 0 0	1189 0 0	; 1587
990 0 0	991 0 1	; 1588
1190 0 0	1360 0 1	; 1589
990 0 0	1191 0 1	; 1590
992 0 1	993 0 1	; 1591
1361 0 0	1362 0 0	; 1592
992 0 1	1363 0 1	; 1593
1364 0 0	1365 0 0	; 1594
1366 0 0	995 0 0	; 1595
; level 17
n 148
1367 0 0	1368 0 0	; 1596
1368 0 1	1369 0 0	; 1597
1370 0 0	1371 0 1	; 1598
1372 0 0	1373 0 0	; 1599
1373 0 1	1374 0 0	; 1600
1373 0 1	1375 0 0	; 1601
1376 0 0	1377 0 0	; 1602
1377 0 1	1378 0 0	; 1603
1379 0 0	1380 0 0	; 1604
1380 0 1	1381 0 0	; 1605
1382 0 0	1383 0 0	; 1606
1383 0 1	1384 0 0	; 1607
1385 0 0	1386 0 1	; 1608
1386 0 0	1387 0 0	; 1609
1388 0 0	1389 0 0	; 1610
1390 0 0	1391 0 1	; 1611
1392 0 1	1393 0 0	; 1612
1394 0 0	1395 0 1	; 1613
1396 0 0	1397 0 0	; 1614
1396 0 1	1399 0 0	; 1615
1398 0 0	1400 0 0	; 1616
1401 0 0	1402 0 0	; 1617
1401 0 1	1404 0 0	; 1618
1403 0 1	1405 0 0	; 1619
1406 0 0	1407 0 0	; 1620
1406 0 1	1408 0 0	; 1621
1409 0 0	1410 0 1	; 1622
1409 0 1	1412 0 0	; 1623
1411 0 0	1413 0 0	; 1624
1414 0 0	1415 0 1	; 1625
1414 0 1	1416 0 0	; 1626
1417 0 0	1418 0 0	; 1627
1417 0 1	1420 0 0	; 1628
1419 0 1	1421 0 0	; 1629
1422 0 0	1423 0 1	; 1630
1422 0 1	1424 0 1	; 1631
1425 0 0	1426 0 0	; 1632
1426 0 1	1427 0 0	; 1633
1426 0 1	1428 0 0	; 1634
1429 0 0	1430 0 0	; 1635
1429 0 1	1431 0 0	; 1636
1429 0 1	1432 0 0	; 1637
1433 0 0	1434 0 0	; 1638
1433 0 1	1435 0 0	; 1639
1433 0 1	1436 0 0	; 1640
1437 0 0	1438 0 0	; 1641
1437 0 1	1439 0 0	; 1642
1440 0 0	1441 0 0	; 1643
1440 0 1	1442 0 1	; 1644
1440 0 1	1443 0 0	; 1645
1444 0 0	1445 0 1	; 1646
1444 0 1	1446 0 0	; 1647
1447 0 0	1448 0 1	; 1648
1447 0 1	1449 0 0	; 1649
1447 0 1	1450 0 0	; 1650
1451 0 0	1452 0 1	; 1651
1451 0 1	1453 0 1	; 1652
1454 0 0	1455 0 0	; 1653
1454 0 1	1456 0 0	; 1654
1457 0 0	1458 0 0	; 1655
1457 0 1	1459 0 0	; 1656
1460 0 0	1461 0 0	; 1657
1460 0 1	1462 0 0	; 1658
1463 0 0	1464 0 0	; 1659
1463 0 1	1465 0 0	; 1660
1466 0 0	1467 0 1	; 1661
1466 0 1	1468 0 0	; 1662
1469 0 0	1470 0 1	; 1663
1469 0 1	1471 0 0	; 1664
1472 0 0	1473 0 1	; 1665
1472 0 1	1474 0 0	; 1666
1475 0 0	1476 0 1	; 1667
1475 0 1	1477 0 1	; 1668
1478 0 0	1479 0 0	; 1669
1479 0 1	1480 0 0	; 1670
1481 0 0	1482 0 1	; 1671
1482 0 1	1483 0 0	; 1672
1482 0 0	1484 0 0	; 1673
1485 0 0	1486 0 0	; 1674
1486 0 1	1487 0 1	; 1675
1488 0 0	1489 0 0	; 1676
1489 0 0	1490 0 1	; 1677
1489 0 1	1491 0 1	; 1678
1492 0 0	1493 0 1	; 1679
1493 0 0	1494 0 1	; 1680
1495 0 0	1496 0 0	; 1681
1496 0 0	1497 0 1	; 1682
1496 0 1	1498 0 1	; 1683
1499 0 0	1500 0 1	; 1684
1500 0 0	1501 0 1	; 1685
1502 0 0	1503 0 0	; 1686
1502 0 1	1504 0 0	; 1687
1505 0 0	1506 0 0	; 1688
1505 0 0	1507 0 0	; 1689
1505 0 1	1508 0 0	; 1690
1510 0 0	1511 0 0	; 1691
1512 0 0	1513 0 1	; 1692
1510 0 1	1514 0 0	; 1693
1515 0 0	1516 0 0	; 1694
1515 0 1	1517 0 0	; 1695
1518 0 0	1519 0 0	; 1696
1518 0 0	1520 0 0	; 1697
1518 0 1	1521 0 1	; 1698
1522 0 1	1523 0 0	; 1699
1522 0 0	1524 0 1	; 1700
1525 0 0	1526 0 0	; 1701
1527 0 0	1528 0 0	; 1702
1525 0 1	1529 0 1	; 1703
1531 0 1	1532 0 0	; 1704
1531 0 0	1533 0 1	; 1705
1534 0 0	1535 0 0	; 1706
1536 0 0	1537 0 0	; 1707
1538 0 0	1539 0 1	; 1708
1537 0 1	1540 0 1	; 1709
1541 0 0	1542 0 0	; 1710
1543 0 0	1544 0 1	; 1711
1544 0 0	1545 0 0	; 1712
1546 0 0	1547 0 0	; 1713
1548 0 0	1549 0 0	; 1714
1549 0 1	1550 0 0	; 1715
1551 0 0	1552 0 0	; 1716
1551 0 1	1553 0 0	; 1717
1554 0 0	1555 0 0	; 1718
1556 0 0	1557 0 0	; 1719
1557 0 1	1558 0 1	; 1720
1559 0 1	1560 0 0	; 1721
1559 0 0	1561 0 1	; 1722
1562 0 0	1563 0 0	; 1723
1564 0 1	1565 0 0	; 1724
1565 0 1	1566 0 1	; 1725
1567 0 1	1568 0 0	; 1726
1567 0 0	1569 0 1	; 1727
1571 0 0	1572 0 0	; 1728
1574 0 1	1575 0 1	; 1729
1576 0 0	1577 0 0	; 1730
1576 0 1	1578 0 0	; 1731
1579 0 0	1580 0 0	; 1732
1579 0 1	1581 0 0	; 1733
1582 0 0	1583 0 0	; 1734
1582 0 1	1584 0 0	; 1735
1585 0 0	1586 0 0	; 1736
1585 0 1	1587 0 1	; 1737
1588 0 0	1589 0 0	; 1738
1588 0 1	1590 0 1	; 1739
1591 0 0	1592 0 0	; 1740
1591 0 1	1593 0 1	; 1741
1386 0 1	1594 0 0	; 1742
1386 0 0	1595 0 0	; 1743
; level 18
n 102
1368 0 0	1596 0 0	; 1744
1368 0 1	1597 0 1	; 1745
1598 0 0	1599 0 0	; 1746
1600 0 1	1601 0 1	; 1747
1377 0 0	1602 0 0	; 1748
1377 0 1	1603 0 1	; 1749
1380 0 0	1604 0 0	; 1750
1380 0 1	1605 0 1	; 1751
1383 0 0	1606 0 0	; 1752
1383 0 1	1607 0 1	; 1753
1386 0 1	1608 0 0	; 1754
1386 0 0	1609 0 1	; 1755
1610 0 0	1611 0 0	; 1756
1612 0 0	1613 0 0	; 1757
1614 0 0	1398 0 1	; 1758
1615 0 0	1616 0 1	; 1759
1617 0 0	1403 0 0	; 1760
1618 0 0	1619 0 1	; 1761
1406 0 0	1620 0 0	; 1762
1621 0 0	1621 0 1	; 1763
1622 0 0	1411 0 1	; 1764
1623 0 0	1624 0 1	; 1765
1414 0 0	1625 0 0	; 1766
1626 0 0	1626 0 1	; 1767
1627 0 0	1419 0 0	; 1768
1628 0 0	1629 0 1	; 1769
1422 0 0	1630 0 0	; 1770
1631 0 0	1631 0 1	; 1771
1633 0 1	1634 0 1	; 1772
1429 0 0	1635 0 1	; 1773
1636 0 1	1637 0 1	; 1774
1433 0 0	1638 0 1	; 1775
1639 0 1	1640 0 1	; 1776
1437 0 0	1641 0 1	; 1777
1440 0 0	1643 0 1	; 1778
1644 0 1	1645 0 1	; 1779
1444 0 0	1646 0 1	; 1780
1447 0 0	1648 0 1	; 1781
1649 0 1	1650 0 1	; 1782
1451 0 0	1651 0 1	; 1783
1454 0 0	1653 0 0	; 1784
1457 0 0	1655 0 0	; 1785
1460 0 0	1657 0 0	; 1786
1463 0 0	1659 0 0	; 1787
1466 0 0	1661 0 0	; 1788
1469 0 0	1663 0 0	; 1789
1472 0 0	1665 0 0	; 1790
1475 0 0	1667 0 0	; 1791
1479 0 1	1670 0 1	; 1792
1671 0 0	1672 0 1	; 1793
1482 0 0	1673 0 1	; 1794
1486 0 1	1675 0 1	; 1795
1676 0 0	1677 0 1	; 1796
1489 0 1	1678 0 1	; 1797
1493 0 0	1680 0 1	; 1798
1681 0 0	1682 0 1	; 1799
1496 0 1	1683 0 1	; 1800
1500 0 0	1685 0 1	; 1801
1502 0 1	1687 0 0	; 1802
1688 0 0	1689 0 0	; 1803
1690 0 0	1509 0 0	; 1804
1691 0 0	1692 0 0	; 1805
1512 0 1	1693 0 0	; 1806
1515 0 1	1695 0 0	; 1807
1696 0 0	1697 0 0	; 1808
1518 0 1	1698 0 0	; 1809
1522 0 0	1700 0 0	; 1810
1701 0 0	1702 0 0	; 1811
1703 0 0	1530 0 1	; 1812
1531 0 0	1705 0 0	; 1813
1706 0 0	1707 0 0	; 1814
1708 0 0	1709 0 1	; 1815
1710 0 0	1711 0 0	; 1816
1544 0 0	1712 0 1	; 1817
1713 0 0	1714 0 0	; 1818
1549 0 1	1715 0 1	; 1819
1716 0 0	1716 0 1	; 1820
1551 0 1	1717 0 1	; 1821
1718 0 0	1719 0 0	; 1822
1557 0 1	1720 0 1	; 1823
1721 0 0	1721 0 1	; 1824
1559 0 0	1722 0 1	; 1825
1723 0 0	1724 0 0	; 1826
1565 0 1	1725 0 1	; 1827
1726 0 0	1726 0 1	; 1828
1567 0 0	1727 0 1	; 1829
1570 0 0	1728 0 0	; 1830
1573 0 0	1729 0 0	; 1831
1576 0 0	1730 0 0	; 1832
1576 0 1	1731 0 0	; 1833
1579 0 0	1732 0 0	; 1834
1579 0 1	1733 0 0	; 1835
1582 0 0	1734 0 0	; 1836
1582 0 1	1735 0 0	; 1837
1585 0 0	1736 0 0	; 1838
1585 0 1	1737 0 0	; 1839
1588 0 0	1738 0 0	; 1840
1588 0 1	1739 0 0	; 1841
1591 0 0	1740 0 0	; 1842
1591 0 1	1741 0 0	; 1843
1386 0 1	1742 0 0	; 1844
1386 0 0	1743 0 0	; 1845
; level 19
n 61
1744 0 1	1745 0 1	; 1846
1746 0 0	1747 0 0	; 1847
1748 0 1	1749 0 1	; 1848
1750 0 1	1751 0 1	; 1849
1752 0 1	1753 0 1	; 1850
1754 0 1	1755 0 1	; 1851
1756 0 0	1757 0 0	; 1852
1758 0 0	1759 0 0	; 1853
1760 0 0	1761 0 0	; 1854
1762 0 1	1763 0 0	; 1855
1764 0 0	1765 0 0	; 1856
1766 0 1	1767 0 0	; 1857
1768 0 0	1769 0 0	; 1858
1770 0 1	1771 0 0	; 1859
1632 0 0	1772 0 0	; 1860
1773 0 0	1774 0 0	; 1861
1775 0 0	1776 0 0	; 1862
1777 0 0	1642 0 1	; 1863
1778 0 0	1779 0 0	; 1864
1780 0 0	1647 0 1	; 1865
1781 0 0	1782 0 0	; 1866
1783 0 0	1652 0 1	; 1867
1784 0 0	1654 0 0	; 1868
1785 0 0	1656 0 0	; 1869
1786 0 0	1658 0 0	; 1870
1787 0 0	1660 0 0	; 1871
1788 0 0	1662 0 0	; 1872
1789 0 0	1664 0 0	; 1873
1790 0 0	1666 0 0	; 1874
1791 0 0	1668 0 0	; 1875
1669 0 0	1792 0 1	; 1876
1793 0 0	1794 0 1	; 1877
1674 0 0	1795 0 1	; 1878
1796 0 0	1797 0 1	; 1879
1679 0 0	1798 0 1	; 1880
1799 0 0	1800 0 1	; 1881
1684 0 0	1801 0 1	; 1882
1686 0 0	1802 0 1	; 1883
1803 0 0	1804 0 0	; 1884
1805 0 0	1806 0 1	; 1885
1694 0 0	1807 0 1	; 1886
1808 0 0	1809 0 1	; 1887
1699 0 0	1810 0 1	; 1888
1811 0 0	1812 0 0	; 1889
1704 0 0	1813 0 1	; 1890
1814 0 0	1815 0 0	; 1891
1816 0 0	1817 0 0	; 1892
1818 0 0	1819 0 0	; 1893
1820 0 0	1821 0 0	; 1894
1822 0 0	1823 0 0	; 1895
1824 0 0	1825 0 0	; 1896
1826 0 0	1827 0 0	; 1897
1828 0 0	1829 0 0	; 1898
1830 0 0	1831 0 0	; 1899
1832 0 0	1833 0 0	; 1900
1834 0 0	1835 0 0	; 1901
1836 0 0	1837 0 0	; 1902
1838 0 0	1839 0 0	; 1903
1840 0 0	1841 0 0	; 1904
1842 0 0	1843 0 0	; 1905
1844 0 0	1845 0 0	; 1906
; level 20
n 29
1847 0 0	1848 0 0	; 1907
1850 0 0	1851 0 0	; 1908
1852 0 0	1853 0 0	; 1909
1854 0 0	1855 0 0	; 1910
1856 0 0	1857 0 0	; 1911
1858 0 0	1859 0 0	; 1912
1860 0 0	1861 0 0	; 1913
1862 0 0	1863 0 0	; 1914
1864 0 0	1865 0 0	; 1915
1866 0 0	1867 0 0	; 1916
1868 0 0	1869 0 0	; 1917
1870 0 0	1871 0 0	; 1918
1872 0 0	1873 0 0	; 1919
1874 0 0	1875 0 0	; 1920
1877 0 0	1878 0 0	; 1921
1879 0 0	1880 0 0	; 1922
1881 0 0	1882 0 0	; 1923
1883 0 0	1884 0 0	; 1924
1885 0 0	1886 0 0	; 1925
1887 0 0	1888 0 0	; 1926
1889 0 0	1890 0 0	; 1927
1891 0 0	1892 0 0	; 1928
1893 0 0	1894 0 0	; 1929
1895 0 0	1896 0 0	; 1930
1897 0 0	1898 0 0	; 1931
1899 0 0	1900 0 0	; 1932
1901 0 0	1902 0 0	; 1933
1903 0 0	1904 0 0	; 1934
1905 0 0	1906 0 0	; 1935
; level 21
n 16
1846 0 0	1907 0 0	; 1936
1849 0 0	1908 0 0	; 1937
1909 0 0	1910 0 0	; 1938
1911 0 0	1912 0 0	; 1939
1913 0 0	1914 0 0	; 1940
1915 0 0	1916 0 0	; 1941
1917 0 0	1918 0 0	; 1942
1919 0 0	1920 0 0	; 1943
1876 0 0	1921 0 0	; 1944
1922 0 0	1923 0 0	; 1945
1924 0 0	1925 0 0	; 1946
1926 0 0	1927 0 0	; 1947
1928 0 0	1929 0 0	; 1948
1930 0 0	1931 0 0	; 1949
1932 0 0	1933 0 0	; 1950
1934 0 0	1935 0 0	; 1951
; level 22
n 8
1936 0 0	1937 0 0	; 1952
1938 0 0	1939 0 0	; 1953
1940 0 0	1941 0 0	; 1954
1942 0 0	1943 0 0	; 1955
1944 0 0	1945 0 0	; 1956
1946 0 0	1947 0 0	; 1957
1948 0 0	1949 0 0	; 1958
1950 0 0	1951 0 0	; 1959
; level 23
n 4
1952 0 0	1953 0 0	; 1960
1954 0 0	1955 0 0	; 1961
1956 0 0	1957 0 0	; 1962
1958 0 0	1959 0 0	; 1963
; level 24
n 2
1960 0 0	1961 0 0	; 1964
1962 0 0	1963 0 0	; 1965
; level 25
n 1
1964 0 0	1965 0 0	; 1966
; roots
r 1966	v 0	s 0
