EVBDD
L 25
T 2
N 3380
R 1
M 5
; level 1
n 1
1 0	1 1	; 2
; level 2
n 0
; level 3
n 5
1 0	1 4	; 3
2 0	1 0	; 4
1 0	2 4	; 5
1 1	1 0	; 6
1 4	1 0	; 7
; level 4
n 9
1 0	2 4	; 8
2 0	1 0	; 9
1 0	1 4	; 10
4 0	1 0	; 11
7 0	1 0	; 12
1 1	1 0	; 13
3 0	1 4	; 14
3 0	2 4	; 15
1 0	2 0	; 16
; level 5
n 0
; level 6
n 23
1 0	2 0	; 17
2 0	1 0	; 18
1 4	1 0	; 19
1 0	1 4	; 20
1 1	1 0	; 21
8 0	3 0	; 22
8 0	1 0	; 23
1 0	6 4	; 24
2 0	11 0	; 25
1 0	12 0	; 26
1 0	14 0	; 27
1 0	10 0	; 28
2 0	9 0	; 29
1 0	1 1	; 30
10 0	1 0	; 31
1 0	8 0	; 32
1 0	10 1	; 33
10 0	8 0	; 34
9 0	2 0	; 35
2 0	16 0	; 36
8 0	5 0	; 37
1 0	15 0	; 38
8 0	10 0	; 39
; level 7
n 47
2 0	4 0	; 40
5 0	22 0	; 41
1 0	3 0	; 42
5 0	3 0	; 43
5 0	23 0	; 44
5 0	1 0	; 45
3 0	24 0	; 46
2 0	18 0	; 47
1 0	20 0	; 48
1 0	20 1	; 49
2 0	9 0	; 50
1 0	10 0	; 51
8 0	1 0	; 52
2 0	29 0	; 53
1 0	28 0	; 54
8 0	28 0	; 55
1 0	10 1	; 56
8 0	10 0	; 57
15 0	1 0	; 58
3 0	1 0	; 59
1 0	30 0	; 60
20 0	1 4	; 61
18 0	1 0	; 62
20 0	30 4	; 63
1 0	1 1	; 64
10 0	1 0	; 65
10 0	31 0	; 66
1 0	8 0	; 67
1 0	32 0	; 68
1 0	30 4	; 69
1 0	17 0	; 70
1 0	1 4	; 71
9 0	2 0	; 72
10 0	8 0	; 73
1 0	2 0	; 74
10 0	33 4	; 75
10 0	34 0	; 76
9 0	35 0	; 77
1 0	5 0	; 78
8 0	5 0	; 79
1 0	14 0	; 80
1 0	27 0	; 81
1 0	38 0	; 82
1 0	15 0	; 83
2 0	1 0	; 84
1 0	13 4	; 85
1 0	2 4	; 86
; level 8
n 155
1 0	2 0	; 87
2 0	1 0	; 88
1 0	1 1	; 89
1 0	1 4	; 90
1 0	2 4	; 91
17 0	1 0	; 92
18 0	1 0	; 93
17 0	19 1	; 94
1 0	19 1	; 95
19 0	17 4	; 96
1 0	17 4	; 97
19 0	1 4	; 98
1 0	18 0	; 99
20 0	1 4	; 100
1 0	17 0	; 101
21 0	1 0	; 102
20 0	18 4	; 103
1 0	18 4	; 104
1 0	21 4	; 105
20 0	21 4	; 106
3 0	1 4	; 107
4 0	1 0	; 108
40 0	1 0	; 109
41 0	4 4	; 110
43 0	4 4	; 111
4 0	3 1	; 112
40 0	1 1	; 113
1 0	4 4	; 114
42 0	4 4	; 115
40 0	3 1	; 116
42 0	1 4	; 117
44 0	2 4	; 118
45 0	2 4	; 119
3 0	1 0	; 120
46 0	1 0	; 121
47 0	1 0	; 122
9 0	1 0	; 123
48 0	1 4	; 124
10 0	1 4	; 125
49 0	1 0	; 126
25 0	1 0	; 127
47 0	48 1	; 128
1 0	47 4	; 129
48 0	47 4	; 130
26 0	1 4	; 131
13 0	1 0	; 132
27 0	1 4	; 133
9 0	10 1	; 134
11 0	10 1	; 135
1 0	9 4	; 136
27 0	9 4	; 137
25 0	10 1	; 138
48 0	49 4	; 139
1 0	49 4	; 140
20 0	49 4	; 141
27 0	49 4	; 142
28 0	1 4	; 143
1 0	10 0	; 144
28 0	18 4	; 145
50 0	1 0	; 146
51 0	1 4	; 147
52 0	2 4	; 148
50 0	51 1	; 149
55 0	50 4	; 150
53 0	1 1	; 151
1 0	50 4	; 152
47 0	1 1	; 153
54 0	50 4	; 154
53 0	51 1	; 155
53 0	1 0	; 156
56 0	1 0	; 157
54 0	1 4	; 158
1 0	52 1	; 159
57 0	1 4	; 160
52 0	1 4	; 161
27 0	1 0	; 162
54 0	10 0	; 163
58 0	2 4	; 164
3 0	2 4	; 165
3 0	4 4	; 166
4 0	1 1	; 167
60 0	1 0	; 168
63 0	1 4	; 169
64 0	1 0	; 170
1 0	60 4	; 171
65 0	1 4	; 172
9 0	1 1	; 173
65 0	9 4	; 174
10 0	9 4	; 175
66 0	1 0	; 176
1 0	65 0	; 177
28 0	1 0	; 178
1 0	67 1	; 179
67 0	1 4	; 180
68 0	2 4	; 181
8 0	2 4	; 182
32 0	2 4	; 183
1 0	8 1	; 184
69 0	1 4	; 185
1 0	69 0	; 186
30 0	69 1	; 187
70 0	1 0	; 188
30 0	1 0	; 189
69 0	70 4	; 190
1 0	70 4	; 191
72 0	1 0	; 192
69 0	1 0	; 193
67 0	2 4	; 194
73 0	1 4	; 195
74 0	1 0	; 196
75 0	1 0	; 197
65 0	10 0	; 198
72 0	1 1	; 199
1 0	72 4	; 200
76 0	72 4	; 201
72 0	65 1	; 202
77 0	1 1	; 203
65 0	72 4	; 204
78 0	2 4	; 205
79 0	2 4	; 206
42 0	1 0	; 207
1 0	3 0	; 208
1 0	5 1	; 209
5 0	1 4	; 210
1 0	79 1	; 211
79 0	1 4	; 212
29 0	51 1	; 213
54 0	48 0	; 214
1 0	48 0	; 215
36 0	48 1	; 216
36 0	1 0	; 217
37 0	2 4	; 218
5 0	2 4	; 219
80 0	1 4	; 220
42 0	80 0	; 221
1 0	80 0	; 222
81 0	1 0	; 223
81 0	1 4	; 224
82 0	4 4	; 225
83 0	1 4	; 226
10 0	2 4	; 227
85 0	1 0	; 228
18 0	49 0	; 229
48 0	18 4	; 230
29 0	1 0	; 231
1 0	51 0	; 232
48 0	1 0	; 233
23 0	2 4	; 234
75 0	10 0	; 235
10 0	1 0	; 236
39 0	9 4	; 237
29 0	1 1	; 238
54 0	9 4	; 239
28 0	9 4	; 240
29 0	10 1	; 241
; level 9
n 230
87 0	88 0	; 242
87 0	1 0	; 243
89 0	90 1	; 244
91 0	2 4	; 245
2 0	91 1	; 246
89 0	1 0	; 247
92 0	88 0	; 248
1 0	88 0	; 249
93 0	1 0	; 250
17 0	94 0	; 251
95 0	17 0	; 252
96 0	97 0	; 253
94 0	17 0	; 254
1 0	90 1	; 255
1 0	2 4	; 256
98 0	90 0	; 257
99 0	1 0	; 258
1 0	93 0	; 259
1 0	87 0	; 260
88 0	1 0	; 261
90 0	1 4	; 262
100 0	1 4	; 263
101 0	1 0	; 264
1 0	92 0	; 265
93 0	92 0	; 266
102 0	1 0	; 267
1 0	101 0	; 268
17 0	1 0	; 269
92 0	1 0	; 270
102 0	92 0	; 271
100 0	92 4	; 272
18 0	103 1	; 273
104 0	18 4	; 274
103 0	18 4	; 275
105 0	21 4	; 276
106 0	21 4	; 277
105 0	106 0	; 278
89 0	107 1	; 279
87 0	108 0	; 280
87 0	109 0	; 281
110 0	4 4	; 282
40 0	42 1	; 283
111 0	112 4	; 284
113 0	114 1	; 285
113 0	115 1	; 286
115 0	116 4	; 287
89 0	117 1	; 288
118 0	2 4	; 289
119 0	2 4	; 290
120 0	3 0	; 291
121 0	3 0	; 292
122 0	88 0	; 293
1 0	123 0	; 294
124 0	90 0	; 295
1 0	125 1	; 296
126 0	90 1	; 297
1 0	127 0	; 298
47 0	128 0	; 299
48 0	47 4	; 300
128 0	47 0	; 301
130 0	129 0	; 302
100 0	90 0	; 303
131 0	90 0	; 304
1 0	132 0	; 305
1 0	133 1	; 306
100 0	107 0	; 307
25 0	134 0	; 308
27 0	25 4	; 309
135 0	9 0	; 310
137 0	136 0	; 311
138 0	9 0	; 312
139 0	140 0	; 313
141 0	49 4	; 314
141 0	140 0	; 315
141 0	142 0	; 316
3 0	1 0	; 317
102 0	125 1	; 318
100 0	125 0	; 319
100 0	143 0	; 320
100 0	132 4	; 321
144 0	10 0	; 322
103 0	145 0	; 323
89 0	125 1	; 324
87 0	146 0	; 325
89 0	147 1	; 326
89 0	133 1	; 327
148 0	2 4	; 328
50 0	149 0	; 329
54 0	53 4	; 330
150 0	149 4	; 331
151 0	152 1	; 332
153 0	154 1	; 333
154 0	155 4	; 334
87 0	156 0	; 335
1 0	108 0	; 336
89 0	157 0	; 337
89 0	158 1	; 338
1 0	107 1	; 339
159 0	160 1	; 340
1 0	161 1	; 341
87 0	122 0	; 342
162 0	163 0	; 343
27 0	144 0	; 344
3 0	2 4	; 345
164 0	2 4	; 346
4 0	91 1	; 347
4 0	165 1	; 348
165 0	4 4	; 349
1 0	89 0	; 350
2 4	1 0	; 351
2 0	1 0	; 352
1 0	1 4	; 353
4 0	3 1	; 354
166 0	4 4	; 355
167 0	114 1	; 356
166 0	112 4	; 357
167 0	166 1	; 358
168 0	90 1	; 359
61 0	90 0	; 360
62 0	88 0	; 361
169 0	90 0	; 362
170 0	90 1	; 363
60 0	171 1	; 364
89 0	172 1	; 365
89 0	143 1	; 366
87 0	123 0	; 367
89 0	170 0	; 368
10 0	9 4	; 369
9 0	134 0	; 370
173 0	174 1	; 371
175 0	134 4	; 372
173 0	175 1	; 373
176 0	65 0	; 374
65 0	177 0	; 375
178 0	28 0	; 376
28 0	144 0	; 377
179 0	180 1	; 378
179 0	1 0	; 379
181 0	2 4	; 380
182 0	2 4	; 381
183 0	2 4	; 382
184 0	1 0	; 383
185 0	90 0	; 384
69 0	186 0	; 385
187 0	186 1	; 386
188 0	88 0	; 387
189 0	90 1	; 388
71 0	90 0	; 389
190 0	191 0	; 390
70 0	191 1	; 391
87 0	192 0	; 392
193 0	1 0	; 393
194 0	2 4	; 394
1 0	180 1	; 395
179 0	195 1	; 396
87 0	196 0	; 397
10 0	144 0	; 398
197 0	198 0	; 399
199 0	200 1	; 400
201 0	202 4	; 401
203 0	204 1	; 402
72 0	202 0	; 403
65 0	72 4	; 404
205 0	2 4	; 405
206 0	2 4	; 406
207 0	42 0	; 407
207 0	208 0	; 408
209 0	1 0	; 409
209 0	210 1	; 410
211 0	1 0	; 411
211 0	212 1	; 412
1 0	146 0	; 413
1 0	147 1	; 414
154 0	152 0	; 415
213 0	50 0	; 416
53 0	149 0	; 417
48 0	214 0	; 418
48 0	215 0	; 419
1 0	156 0	; 420
1 0	158 1	; 421
122 0	1 0	; 422
124 0	1 4	; 423
215 0	48 0	; 424
216 0	47 0	; 425
47 0	130 1	; 426
217 0	1 0	; 427
218 0	2 4	; 428
219 0	2 4	; 429
89 0	220 1	; 430
1 0	109 0	; 431
81 0	221 0	; 432
81 0	222 0	; 433
223 0	222 0	; 434
89 0	224 1	; 435
225 0	112 4	; 436
40 0	112 0	; 437
42 0	40 4	; 438
1 0	226 1	; 439
1 0	117 1	; 440
74 0	1 0	; 441
84 0	88 0	; 442
84 0	1 0	; 443
71 0	88 4	; 444
196 0	1 0	; 445
71 0	1 4	; 446
84 0	196 0	; 447
207 0	3 0	; 448
93 0	88 0	; 449
228 0	2 4	; 450
10 0	2 4	; 451
229 0	18 0	; 452
230 0	104 0	; 453
103 0	104 0	; 454
141 0	18 4	; 455
18 0	229 0	; 456
71 0	125 0	; 457
87 0	231 0	; 458
54 0	232 0	; 459
233 0	54 0	; 460
234 0	2 4	; 461
235 0	10 0	; 462
236 0	10 0	; 463
89 0	124 1	; 464
237 0	134 4	; 465
238 0	239 1	; 466
238 0	240 1	; 467
240 0	241 4	; 468
28 0	9 4	; 469
29 0	134 0	; 470
1 4	1 0	; 471
; level 10
n 348
1 0	242 4	; 472
1 0	1 4	; 473
243 0	1 1	; 474
1 0	1 1	; 475
1 0	244 4	; 476
2 0	1 1	; 477
245 0	1 0	; 478
1 0	246 4	; 479
1 0	2 4	; 480
1 0	245 0	; 481
247 0	1 1	; 482
1 0	248 4	; 483
249 0	1 1	; 484
1 0	250 4	; 485
250 0	1 1	; 486
17 0	1 1	; 487
251 0	1 1	; 488
252 0	1 1	; 489
1 0	253 0	; 490
1 0	251 4	; 491
1 0	254 4	; 492
1 0	17 4	; 493
1 0	255 4	; 494
256 0	1 0	; 495
1 0	91 0	; 496
1 0	257 0	; 497
255 0	1 1	; 498
258 0	1 1	; 499
259 0	1 1	; 500
1 0	87 4	; 501
260 0	1 1	; 502
1 0	89 4	; 503
89 0	1 1	; 504
246 0	1 1	; 505
87 0	1 1	; 506
1 0	243 4	; 507
244 0	1 1	; 508
1 0	256 0	; 509
242 0	1 1	; 510
1 0	249 4	; 511
1 0	261 4	; 512
261 0	1 1	; 513
1 0	262 0	; 514
262 0	1 0	; 515
263 0	1 0	; 516
1 0	264 4	; 517
1 0	265 4	; 518
264 0	1 1	; 519
266 0	1 1	; 520
1 0	267 4	; 521
268 0	1 1	; 522
92 0	1 1	; 523
269 0	1 1	; 524
270 0	1 1	; 525
1 0	271 4	; 526
1 0	263 0	; 527
1 0	272 0	; 528
18 0	1 1	; 529
273 0	1 1	; 530
1 0	18 4	; 531
1 0	274 0	; 532
1 0	275 0	; 533
1 0	21 4	; 534
1 0	276 0	; 535
1 0	277 0	; 536
106 0	1 0	; 537
278 0	1 0	; 538
1 0	279 4	; 539
1 0	280 4	; 540
1 0	281 4	; 541
282 0	1 0	; 542
40 0	1 1	; 543
283 0	1 1	; 544
1 0	284 0	; 545
1 0	285 4	; 546
1 0	286 4	; 547
1 0	287 0	; 548
1 0	288 4	; 549
289 0	1 0	; 550
1 0	290 0	; 551
1 0	3 0	; 552
1 0	291 0	; 553
3 0	1 0	; 554
291 0	1 0	; 555
292 0	1 0	; 556
1 0	293 4	; 557
294 0	1 1	; 558
1 0	295 0	; 559
296 0	1 1	; 560
1 0	90 0	; 561
1 0	297 4	; 562
298 0	1 1	; 563
299 0	1 1	; 564
47 0	1 1	; 565
300 0	1 0	; 566
1 0	301 4	; 567
1 0	129 0	; 568
1 0	302 0	; 569
1 0	303 0	; 570
1 0	304 0	; 571
305 0	1 1	; 572
306 0	1 1	; 573
1 0	307 0	; 574
308 0	1 1	; 575
25 0	1 1	; 576
309 0	1 0	; 577
1 0	310 4	; 578
1 0	136 0	; 579
1 0	311 0	; 580
1 0	312 4	; 581
1 0	49 4	; 582
1 0	313 0	; 583
1 0	314 0	; 584
314 0	1 0	; 585
315 0	1 0	; 586
316 0	1 0	; 587
141 0	1 0	; 588
317 0	1 0	; 589
90 0	1 0	; 590
318 0	1 1	; 591
319 0	1 0	; 592
88 0	1 1	; 593
91 0	1 0	; 594
320 0	1 0	; 595
321 0	1 0	; 596
21 0	1 1	; 597
105 0	1 0	; 598
28 0	1 0	; 599
144 0	1 0	; 600
1 0	10 0	; 601
1 0	322 0	; 602
1 0	28 0	; 603
104 0	1 0	; 604
323 0	1 0	; 605
324 0	1 1	; 606
325 0	1 1	; 607
326 0	1 1	; 608
327 0	1 1	; 609
328 0	1 0	; 610
1 0	329 4	; 611
1 0	53 4	; 612
1 0	330 0	; 613
331 0	1 0	; 614
332 0	1 1	; 615
333 0	1 1	; 616
334 0	1 0	; 617
335 0	1 1	; 618
1 0	336 4	; 619
337 0	1 1	; 620
338 0	1 1	; 621
1 0	339 4	; 622
340 0	1 1	; 623
1 0	341 4	; 624
342 0	1 1	; 625
27 0	1 0	; 626
343 0	1 0	; 627
1 0	14 0	; 628
1 0	344 0	; 629
1 0	27 0	; 630
1 0	4 4	; 631
1 0	345 0	; 632
346 0	1 0	; 633
347 0	1 1	; 634
348 0	1 1	; 635
349 0	1 0	; 636
350 0	1 1	; 637
1 0	260 4	; 638
352 0	1 1	; 639
353 0	1 0	; 640
1 0	353 0	; 641
1 4	1 0	; 642
1 1	2 0	; 643
354 0	1 1	; 644
4 0	1 1	; 645
355 0	1 0	; 646
1 0	356 4	; 647
1 0	357 0	; 648
1 0	358 4	; 649
1 0	59 0	; 650
1 0	359 4	; 651
1 0	360 0	; 652
1 0	361 4	; 653
61 0	1 0	; 654
62 0	1 1	; 655
1 0	362 0	; 656
1 0	62 4	; 657
1 0	363 4	; 658
1 0	60 4	; 659
1 0	364 4	; 660
364 0	1 1	; 661
60 0	1 1	; 662
1 0	315 0	; 663
1 0	352 4	; 664
365 0	1 1	; 665
366 0	1 1	; 666
367 0	1 1	; 667
368 0	1 1	; 668
1 0	369 0	; 669
1 0	9 4	; 670
1 0	370 4	; 671
371 0	1 1	; 672
372 0	1 0	; 673
373 0	1 1	; 674
9 0	1 1	; 675
66 0	1 0	; 676
374 0	1 0	; 677
1 0	375 0	; 678
1 0	65 0	; 679
376 0	1 0	; 680
1 0	377 0	; 681
1 0	378 4	; 682
379 0	1 1	; 683
380 0	1 0	; 684
1 0	88 4	; 685
381 0	1 0	; 686
382 0	1 0	; 687
184 0	1 1	; 688
1 0	383 4	; 689
1 0	384 0	; 690
385 0	1 0	; 691
69 0	1 0	; 692
386 0	1 1	; 693
1 0	385 0	; 694
1 0	69 0	; 695
1 0	387 4	; 696
1 0	388 4	; 697
1 0	389 0	; 698
360 0	1 0	; 699
1 0	61 0	; 700
1 0	390 0	; 701
1 0	70 4	; 702
1 0	391 4	; 703
70 0	1 1	; 704
392 0	1 1	; 705
393 0	1 0	; 706
394 0	1 0	; 707
1 0	395 4	; 708
396 0	1 1	; 709
397 0	1 1	; 710
1 0	398 0	; 711
399 0	1 0	; 712
10 0	1 0	; 713
400 0	1 1	; 714
401 0	1 0	; 715
402 0	1 1	; 716
77 0	1 1	; 717
1 0	72 4	; 718
1 0	403 4	; 719
1 0	404 0	; 720
1 0	405 0	; 721
406 0	1 0	; 722
42 0	1 0	; 723
407 0	1 0	; 724
1 0	42 0	; 725
1 0	408 0	; 726
409 0	1 1	; 727
1 0	410 4	; 728
411 0	1 1	; 729
1 0	412 4	; 730
413 0	1 1	; 731
414 0	1 1	; 732
1 0	415 0	; 733
1 0	416 4	; 734
1 0	152 0	; 735
417 0	1 1	; 736
53 0	1 1	; 737
330 0	1 0	; 738
48 0	1 0	; 739
418 0	1 0	; 740
419 0	1 0	; 741
1 0	48 0	; 742
1 0	215 0	; 743
420 0	1 1	; 744
421 0	1 1	; 745
1 0	422 4	; 746
1 0	423 0	; 747
295 0	1 0	; 748
1 0	424 0	; 749
215 0	1 0	; 750
302 0	1 0	; 751
425 0	1 1	; 752
129 0	1 0	; 753
1 0	47 4	; 754
1 0	426 4	; 755
1 0	427 4	; 756
428 0	1 0	; 757
1 0	429 0	; 758
430 0	1 1	; 759
1 0	431 4	; 760
1 0	80 0	; 761
1 0	432 0	; 762
1 0	81 0	; 763
1 0	433 0	; 764
81 0	1 0	; 765
434 0	1 0	; 766
435 0	1 1	; 767
286 0	1 1	; 768
436 0	1 0	; 769
285 0	1 1	; 770
1 0	437 4	; 771
1 0	40 4	; 772
1 0	438 0	; 773
1 0	439 4	; 774
378 0	1 1	; 775
1 0	440 4	; 776
441 0	1 1	; 777
442 0	1 1	; 778
71 0	1 0	; 779
84 0	1 1	; 780
1 0	71 0	; 781
443 0	1 1	; 782
1 0	84 4	; 783
1 0	444 0	; 784
445 0	1 1	; 785
446 0	1 0	; 786
447 0	1 1	; 787
448 0	1 0	; 788
1 0	407 0	; 789
1 0	449 4	; 790
1 0	419 0	; 791
1 0	227 0	; 792
450 0	1 0	; 793
451 0	1 0	; 794
1 0	452 4	; 795
1 0	453 0	; 796
1 0	454 0	; 797
455 0	1 0	; 798
456 0	1 1	; 799
389 0	1 0	; 800
457 0	1 0	; 801
458 0	1 1	; 802
1 0	51 0	; 803
1 0	459 0	; 804
1 0	54 0	; 805
54 0	1 0	; 806
460 0	1 0	; 807
461 0	1 0	; 808
462 0	1 0	; 809
463 0	1 0	; 810
464 0	1 1	; 811
465 0	1 0	; 812
466 0	1 1	; 813
467 0	1 1	; 814
468 0	1 0	; 815
1 0	469 0	; 816
1 0	29 4	; 817
1 0	470 4	; 818
86 0	1 0	; 819
; level 11
n 345
472 0	473 0	; 820
474 0	475 0	; 821
476 0	473 0	; 822
477 0	478 1	; 823
479 0	480 0	; 824
481 0	480 0	; 825
482 0	475 0	; 826
483 0	473 0	; 827
484 0	475 0	; 828
485 0	473 0	; 829
486 0	475 0	; 830
487 0	488 0	; 831
489 0	487 0	; 832
490 0	491 0	; 833
492 0	493 0	; 834
494 0	473 0	; 835
495 0	477 4	; 836
496 0	480 0	; 837
497 0	473 0	; 838
498 0	475 0	; 839
499 0	486 0	; 840
500 0	475 0	; 841
501 0	473 0	; 842
502 0	475 0	; 843
503 0	473 0	; 844
480 0	481 0	; 845
504 0	475 0	; 846
505 0	477 0	; 847
506 0	475 0	; 848
507 0	473 0	; 849
508 0	475 0	; 850
509 0	480 0	; 851
478 0	477 4	; 852
510 0	475 0	; 853
511 0	473 0	; 854
1 0	473 1	; 855
480 0	1 0	; 856
473 0	512 0	; 857
475 0	513 0	; 858
473 0	514 0	; 859
475 0	515 1	; 860
516 0	475 4	; 861
517 0	512 0	; 862
518 0	473 0	; 863
519 0	513 0	; 864
520 0	475 0	; 865
521 0	473 0	; 866
522 0	523 0	; 867
524 0	525 0	; 868
517 0	514 0	; 869
526 0	473 0	; 870
479 0	481 0	; 871
481 0	479 0	; 872
527 0	473 0	; 873
528 0	473 0	; 874
531 0	532 0	; 875
533 0	531 0	; 876
534 0	535 0	; 877
537 0	538 0	; 878
473 0	539 0	; 879
475 0	482 0	; 880
473 0	540 0	; 881
475 0	474 0	; 882
473 0	476 0	; 883
539 0	473 0	; 884
473 0	541 0	; 885
542 0	543 4	; 886
545 0	546 0	; 887
547 0	548 0	; 888
473 0	549 0	; 889
550 0	477 4	; 890
551 0	479 0	; 891
549 0	473 0	; 892
552 0	553 0	; 893
554 0	555 0	; 894
556 0	554 0	; 895
473 0	557 0	; 896
475 0	484 0	; 897
558 0	475 0	; 898
473 0	559 0	; 899
475 0	498 0	; 900
560 0	475 0	; 901
473 0	561 0	; 902
562 0	473 0	; 903
563 0	475 0	; 904
564 0	565 0	; 905
567 0	568 0	; 906
569 0	567 0	; 907
570 0	473 0	; 908
480 0	496 0	; 909
473 0	571 0	; 910
572 0	475 0	; 911
573 0	475 0	; 912
574 0	473 0	; 913
575 0	576 0	; 914
578 0	579 0	; 915
580 0	581 0	; 916
582 0	583 0	; 917
585 0	586 0	; 918
587 0	588 0	; 919
473 0	501 0	; 920
475 0	502 0	; 921
473 0	503 0	; 922
480 0	479 0	; 923
475 0	590 1	; 924
591 0	475 0	; 925
592 0	475 4	; 926
475 0	593 0	; 927
477 0	594 1	; 928
594 0	477 4	; 929
595 0	475 4	; 930
596 0	475 4	; 931
597 0	598 1	; 932
536 0	535 0	; 933
599 0	600 0	; 934
601 0	602 0	; 935
529 0	604 1	; 936
605 0	529 4	; 937
475 0	504 0	; 938
475 0	506 0	; 939
473 0	507 0	; 940
477 0	505 0	; 941
475 0	508 0	; 942
606 0	475 0	; 943
475 0	607 0	; 944
473 0	511 0	; 945
475 0	608 0	; 946
473 0	494 0	; 947
609 0	475 0	; 948
610 0	505 4	; 949
505 0	478 1	; 950
611 0	612 0	; 951
614 0	615 4	; 952
616 0	617 1	; 953
475 0	618 0	; 954
619 0	473 0	; 955
620 0	475 0	; 956
475 0	621 0	; 957
622 0	473 0	; 958
475 0	623 0	; 959
473 0	624 0	; 960
624 0	473 0	; 961
475 0	625 0	; 962
626 0	627 0	; 963
628 0	629 0	; 964
629 0	630 0	; 965
633 0	634 4	; 966
635 0	636 1	; 967
475 0	637 0	; 968
637 0	475 0	; 969
473 0	638 0	; 970
638 0	473 0	; 971
1 4	1 0	; 972
351 0	473 0	; 973
639 0	475 0	; 974
1 0	473 0	; 975
640 0	475 4	; 976
2 0	473 1	; 977
352 0	475 0	; 978
641 0	473 0	; 979
1 0	475 4	; 980
1 0	480 0	; 981
1 0	1 4	; 982
2 0	1 0	; 983
2 0	475 0	; 984
540 0	473 0	; 985
645 0	646 1	; 986
647 0	648 0	; 987
649 0	631 0	; 988
553 0	552 0	; 989
555 0	554 0	; 990
651 0	473 0	; 991
652 0	473 0	; 992
653 0	473 0	; 993
475 0	654 1	; 994
656 0	657 0	; 995
570 0	657 0	; 996
658 0	473 0	; 997
660 0	659 0	; 998
661 0	662 0	; 999
582 0	584 0	; 1000
663 0	584 0	; 1001
586 0	588 0	; 1002
664 0	473 0	; 1003
480 0	473 0	; 1004
1 0	477 4	; 1005
665 0	475 0	; 1006
666 0	475 0	; 1007
667 0	475 0	; 1008
668 0	475 0	; 1009
670 0	671 0	; 1010
672 0	673 1	; 1011
674 0	675 0	; 1012
677 0	676 0	; 1013
678 0	679 0	; 1014
680 0	599 0	; 1015
681 0	603 0	; 1016
473 0	472 0	; 1017
473 0	682 0	; 1018
475 0	683 0	; 1019
684 0	477 4	; 1020
473 0	685 0	; 1021
477 0	495 1	; 1022
686 0	477 4	; 1023
687 0	477 4	; 1024
475 0	688 0	; 1025
473 0	689 0	; 1026
475 0	510 0	; 1027
480 0	509 0	; 1028
478 0	505 4	; 1029
690 0	473 0	; 1030
691 0	692 0	; 1031
693 0	692 1	; 1032
694 0	695 0	; 1033
696 0	473 0	; 1034
697 0	473 0	; 1035
698 0	473 0	; 1036
498 0	654 1	; 1037
699 0	654 0	; 1038
656 0	700 0	; 1039
701 0	702 0	; 1040
703 0	702 0	; 1041
512 0	473 0	; 1042
593 0	475 0	; 1043
590 0	475 4	; 1044
514 0	473 0	; 1045
705 0	475 0	; 1046
706 0	1 0	; 1047
505 0	707 1	; 1048
708 0	473 0	; 1049
709 0	475 0	; 1050
710 0	475 0	; 1051
711 0	601 0	; 1052
712 0	713 0	; 1053
505 0	684 1	; 1054
714 0	715 1	; 1055
716 0	717 0	; 1056
718 0	719 0	; 1057
720 0	718 0	; 1058
721 0	479 0	; 1059
722 0	477 4	; 1060
723 0	724 0	; 1061
725 0	726 0	; 1062
475 0	727 0	; 1063
473 0	728 0	; 1064
475 0	729 0	; 1065
473 0	730 0	; 1066
475 0	731 0	; 1067
475 0	732 0	; 1068
611 0	733 0	; 1069
734 0	735 0	; 1070
736 0	737 0	; 1071
739 0	740 0	; 1072
739 0	741 0	; 1073
742 0	743 0	; 1074
475 0	744 0	; 1075
475 0	558 0	; 1076
475 0	745 0	; 1077
473 0	746 0	; 1078
473 0	747 0	; 1079
475 0	748 1	; 1080
742 0	749 0	; 1081
739 0	750 0	; 1082
564 0	751 1	; 1083
752 0	753 1	; 1084
567 0	754 0	; 1085
473 0	756 0	; 1086
757 0	477 4	; 1087
758 0	480 0	; 1088
473 0	619 0	; 1089
475 0	759 0	; 1090
473 0	760 0	; 1091
761 0	762 0	; 1092
763 0	764 0	; 1093
765 0	766 0	; 1094
475 0	767 0	; 1095
543 0	768 0	; 1096
769 0	770 4	; 1097
771 0	772 0	; 1098
473 0	774 0	; 1099
473 0	708 0	; 1100
475 0	775 0	; 1101
473 0	622 0	; 1102
684 0	505 4	; 1103
473 0	776 0	; 1104
507 0	514 0	; 1105
777 0	513 0	; 1106
474 0	513 0	; 1107
778 0	475 0	; 1108
779 0	475 4	; 1109
780 0	475 0	; 1110
781 0	473 0	; 1111
782 0	475 0	; 1112
781 0	783 0	; 1113
784 0	473 0	; 1114
777 0	785 0	; 1115
514 0	781 0	; 1116
786 0	475 4	; 1117
787 0	475 0	; 1118
788 0	723 0	; 1119
789 0	725 0	; 1120
648 0	649 0	; 1121
649 0	648 0	; 1122
790 0	473 0	; 1123
741 0	739 0	; 1124
791 0	742 0	; 1125
792 0	670 0	; 1126
793 0	794 0	; 1127
475 0	699 1	; 1128
570 0	700 0	; 1129
795 0	796 0	; 1130
797 0	795 0	; 1131
529 0	799 0	; 1132
800 0	475 4	; 1133
783 0	473 0	; 1134
801 0	475 4	; 1135
590 0	779 0	; 1136
1 0	713 0	; 1137
800 0	780 4	; 1138
802 0	475 0	; 1139
803 0	804 0	; 1140
804 0	805 0	; 1141
807 0	806 0	; 1142
808 0	505 4	; 1143
601 0	711 0	; 1144
809 0	713 0	; 1145
810 0	713 0	; 1146
475 0	811 0	; 1147
812 0	813 4	; 1148
814 0	815 1	; 1149
817 0	818 0	; 1150
1 0	1 1	; 1151
473 0	641 0	; 1152
475 0	639 0	; 1153
473 0	664 0	; 1154
475 0	640 1	; 1155
473 0	1 0	; 1156
1 0	2 0	; 1157
473 0	2 4	; 1158
475 0	1 1	; 1159
475 0	352 0	; 1160
473 0	351 0	; 1161
471 0	351 0	; 1162
475 0	353 1	; 1163
819 0	477 4	; 1164
; level 12
n 394
820 0	473 0	; 1165
821 0	475 0	; 1166
822 0	473 0	; 1167
823 0	477 0	; 1168
824 0	825 0	; 1169
826 0	475 0	; 1170
827 0	473 0	; 1171
828 0	475 0	; 1172
827 0	829 0	; 1173
828 0	830 0	; 1174
831 0	832 0	; 1175
833 0	834 0	; 1176
835 0	473 0	; 1177
477 0	836 1	; 1178
837 0	480 0	; 1179
838 0	473 0	; 1180
839 0	475 0	; 1181
840 0	841 0	; 1182
835 0	829 0	; 1183
842 0	473 0	; 1184
843 0	475 0	; 1185
844 0	473 0	; 1186
477 0	823 0	; 1187
845 0	824 0	; 1188
846 0	475 0	; 1189
845 0	480 0	; 1190
823 0	847 0	; 1191
848 0	475 0	; 1192
849 0	473 0	; 1193
850 0	475 0	; 1194
480 0	851 0	; 1195
847 0	852 1	; 1196
853 0	475 0	; 1197
854 0	473 0	; 1198
473 0	855 4	; 1199
480 0	856 0	; 1200
857 0	473 0	; 1201
858 0	830 0	; 1202
859 0	473 0	; 1203
860 0	861 1	; 1204
862 0	863 0	; 1205
864 0	865 0	; 1206
859 0	866 0	; 1207
867 0	868 0	; 1208
869 0	870 0	; 1209
477 0	505 0	; 1210
871 0	872 0	; 1211
859 0	873 0	; 1212
869 0	874 0	; 1213
529 0	530 0	; 1214
875 0	876 0	; 1215
877 0	536 0	; 1216
878 0	537 0	; 1217
879 0	473 0	; 1218
880 0	826 0	; 1219
881 0	473 0	; 1220
882 0	821 0	; 1221
883 0	884 0	; 1222
885 0	473 0	; 1223
852 0	477 4	; 1224
872 0	871 0	; 1225
886 0	544 4	; 1226
887 0	888 0	; 1227
889 0	473 0	; 1228
890 0	477 4	; 1229
891 0	871 0	; 1230
883 0	892 0	; 1231
893 0	552 0	; 1232
894 0	895 0	; 1233
896 0	473 0	; 1234
897 0	898 0	; 1235
899 0	473 0	; 1236
900 0	901 0	; 1237
902 0	903 0	; 1238
897 0	904 0	; 1239
905 0	566 1	; 1240
906 0	907 0	; 1241
902 0	908 0	; 1242
477 0	495 1	; 1243
909 0	837 0	; 1244
910 0	473 0	; 1245
900 0	911 0	; 1246
900 0	912 0	; 1247
902 0	913 0	; 1248
902 0	835 0	; 1249
914 0	577 1	; 1250
915 0	916 0	; 1251
917 0	584 0	; 1252
918 0	919 0	; 1253
1 0	552 0	; 1254
589 0	554 0	; 1255
920 0	473 0	; 1256
921 0	843 0	; 1257
922 0	844 0	; 1258
824 0	923 0	; 1259
924 0	925 0	; 1260
924 0	926 1	; 1261
927 0	475 0	; 1262
857 0	829 0	; 1263
924 0	475 0	; 1264
480 0	479 0	; 1265
928 0	929 1	; 1266
924 0	930 1	; 1267
924 0	931 1	; 1268
932 0	537 1	; 1269
933 0	536 0	; 1270
934 0	599 0	; 1271
935 0	603 0	; 1272
936 0	937 1	; 1273
938 0	846 0	; 1274
939 0	475 0	; 1275
940 0	849 0	; 1276
825 0	480 0	; 1277
847 0	941 0	; 1278
942 0	943 0	; 1279
944 0	475 0	; 1280
945 0	854 0	; 1281
946 0	475 0	; 1282
947 0	835 0	; 1283
942 0	948 0	; 1284
480 0	509 0	; 1285
949 0	950 4	; 1286
951 0	613 0	; 1287
952 0	953 4	; 1288
954 0	475 0	; 1289
945 0	955 0	; 1290
942 0	956 0	; 1291
957 0	475 0	; 1292
947 0	958 0	; 1293
959 0	475 0	; 1294
960 0	961 0	; 1295
962 0	475 0	; 1296
963 0	626 0	; 1297
964 0	965 0	; 1298
631 0	632 0	; 1299
966 0	967 4	; 1300
968 0	969 0	; 1301
921 0	475 0	; 1302
970 0	971 0	; 1303
972 0	2 4	; 1304
1 0	2 0	; 1305
475 0	974 0	; 1306
475 0	976 1	; 1307
473 0	977 4	; 1308
475 0	978 0	; 1309
473 0	979 0	; 1310
475 0	980 1	; 1311
475 0	642 1	; 1312
2 0	642 1	; 1313
1 0	982 1	; 1314
473 0	643 4	; 1315
475 0	983 0	; 1316
475 0	984 0	; 1317
473 0	975 0	; 1318
473 0	985 0	; 1319
473 0	884 0	; 1320
822 0	884 0	; 1321
871 0	824 0	; 1322
644 0	986 0	; 1323
987 0	988 0	; 1324
822 0	892 0	; 1325
552 0	989 0	; 1326
990 0	895 0	; 1327
473 0	835 0	; 1328
473 0	854 0	; 1329
991 0	903 0	; 1330
473 0	992 0	; 1331
473 0	993 0	; 1332
991 0	908 0	; 1333
994 0	655 0	; 1334
995 0	996 0	; 1335
495 0	477 4	; 1336
997 0	835 0	; 1337
659 0	998 0	; 1338
1000 0	1001 0	; 1339
473 0	842 0	; 1340
923 0	845 0	; 1341
1 0	1 1	; 1342
473 0	1003 0	; 1343
475 0	848 0	; 1344
480 0	845 0	; 1345
941 0	823 0	; 1346
1006 0	1007 0	; 1347
475 0	943 0	; 1348
475 0	1008 0	; 1349
1009 0	956 0	; 1350
509 0	480 0	; 1351
950 0	847 0	; 1352
669 0	1010 0	; 1353
1011 0	1012 0	; 1354
676 0	1013 0	; 1355
1006 0	943 0	; 1356
599 0	1015 0	; 1357
475 0	843 0	; 1358
477 0	941 0	; 1359
473 0	857 0	; 1360
473 0	859 0	; 1361
941 0	477 0	; 1362
845 0	871 0	; 1363
473 0	1017 0	; 1364
473 0	883 0	; 1365
473 0	1018 0	; 1366
477 0	1020 1	; 1367
923 0	872 0	; 1368
473 0	1021 0	; 1369
473 0	902 0	; 1370
1022 0	477 0	; 1371
473 0	920 0	; 1372
1023 0	477 4	; 1373
825 0	824 0	; 1374
475 0	927 0	; 1375
475 0	924 0	; 1376
923 0	480 0	; 1377
475 0	939 0	; 1378
480 0	825 0	; 1379
1024 0	847 4	; 1380
475 0	1025 0	; 1381
475 0	1027 0	; 1382
475 0	942 0	; 1383
1028 0	480 0	; 1384
941 0	1029 1	; 1385
475 0	921 0	; 1386
847 0	477 0	; 1387
1030 0	835 0	; 1388
1031 0	1032 4	; 1389
1033 0	695 0	; 1390
1034 0	473 0	; 1391
1030 0	992 0	; 1392
991 0	473 0	; 1393
1035 0	1036 0	; 1394
1037 0	1038 1	; 1395
1039 0	700 0	; 1396
1040 0	1041 0	; 1397
1042 0	473 0	; 1398
1043 0	475 0	; 1399
480 0	824 0	; 1400
1044 0	839 4	; 1401
1045 0	473 0	; 1402
1044 0	475 4	; 1403
1046 0	475 0	; 1404
1047 0	1 0	; 1405
850 0	943 0	; 1406
1048 0	847 0	; 1407
1050 0	475 0	; 1408
1006 0	475 0	; 1409
1051 0	475 0	; 1410
1053 0	713 0	; 1411
1054 0	847 0	; 1412
1055 0	1056 0	; 1413
1057 0	1058 0	; 1414
879 0	883 0	; 1415
1017 0	473 0	; 1416
889 0	883 0	; 1417
923 0	1059 0	; 1418
1060 0	477 4	; 1419
1062 0	725 0	; 1420
1064 0	473 0	; 1421
883 0	473 0	; 1422
1066 0	473 0	; 1423
899 0	902 0	; 1424
1067 0	897 0	; 1425
1021 0	473 0	; 1426
1068 0	900 0	; 1427
902 0	473 0	; 1428
1069 0	1070 0	; 1429
1071 0	738 1	; 1430
1072 0	1073 0	; 1431
1074 0	742 0	; 1432
1075 0	897 0	; 1433
1076 0	897 0	; 1434
1077 0	900 0	; 1435
1078 0	857 0	; 1436
1079 0	859 0	; 1437
1080 0	924 0	; 1438
742 0	1081 0	; 1439
1082 0	739 0	; 1440
1083 0	1084 0	; 1441
1085 0	755 0	; 1442
1086 0	857 0	; 1443
1087 0	847 4	; 1444
1088 0	480 0	; 1445
1089 0	945 0	; 1446
1027 0	475 0	; 1447
1090 0	942 0	; 1448
1091 0	945 0	; 1449
1092 0	1093 0	; 1450
1094 0	765 0	; 1451
1095 0	942 0	; 1452
1096 0	1097 1	; 1453
1098 0	773 0	; 1454
1099 0	1100 0	; 1455
1101 0	475 0	; 1456
1102 0	947 0	; 1457
942 0	475 0	; 1458
941 0	1103 1	; 1459
1104 0	947 0	; 1460
1105 0	854 0	; 1461
1106 0	1043 0	; 1462
858 0	475 0	; 1463
473 0	1042 0	; 1464
1107 0	1108 0	; 1465
854 0	1042 0	; 1466
860 0	1109 1	; 1467
473 0	1045 0	; 1468
858 0	1110 0	; 1469
505 0	477 0	; 1470
859 0	1111 0	; 1471
858 0	1112 0	; 1472
859 0	1113 0	; 1473
1105 0	1114 0	; 1474
1115 0	1043 0	; 1475
860 0	779 1	; 1476
781 0	1116 0	; 1477
860 0	1117 1	; 1478
859 0	781 0	; 1479
1107 0	1118 0	; 1480
879 0	884 0	; 1481
889 0	884 0	; 1482
1061 0	1119 0	; 1483
725 0	1120 0	; 1484
894 0	990 0	; 1485
1121 0	1122 0	; 1486
899 0	835 0	; 1487
897 0	828 0	; 1488
473 0	1123 0	; 1489
900 0	839 0	; 1490
473 0	903 0	; 1491
899 0	992 0	; 1492
1073 0	1124 0	; 1493
742 0	1125 0	; 1494
909 0	1126 0	; 1495
1127 0	675 4	; 1496
1128 0	1038 1	; 1497
700 0	1129 0	; 1498
473 0	908 0	; 1499
1130 0	1131 0	; 1500
798 0	1132 4	; 1501
475 0	1043 0	; 1502
475 0	1044 1	; 1503
924 0	839 0	; 1504
924 0	1133 1	; 1505
857 0	1134 0	; 1506
479 0	480 0	; 1507
924 0	1135 1	; 1508
779 0	1136 0	; 1509
1 0	601 0	; 1510
713 0	1137 0	; 1511
924 0	1138 1	; 1512
946 0	943 0	; 1513
475 0	1139 0	; 1514
1140 0	1141 0	; 1515
806 0	1142 0	; 1516
957 0	943 0	; 1517
1143 0	950 4	; 1518
1144 0	1052 0	; 1519
1145 0	1146 0	; 1520
1029 0	950 4	; 1521
475 0	1007 0	; 1522
1147 0	943 0	; 1523
1148 0	1149 4	; 1524
816 0	1150 0	; 1525
1 0	1151 0	; 1526
473 0	1152 0	; 1527
475 0	1153 0	; 1528
473 0	1154 0	; 1529
475 0	1155 0	; 1530
475 0	858 0	; 1531
473 0	1151 4	; 1532
473 0	1156 0	; 1533
475 0	1157 0	; 1534
473 0	1158 0	; 1535
475 0	1159 0	; 1536
475 0	1160 0	; 1537
473 0	1161 0	; 1538
473 0	1162 0	; 1539
475 0	1163 0	; 1540
475 0	882 0	; 1541
475 0	880 0	; 1542
845 0	923 0	; 1543
477 0	852 1	; 1544
475 0	897 0	; 1545
475 0	900 0	; 1546
480 0	909 0	; 1547
473 0	922 0	; 1548
923 0	825 0	; 1549
1164 0	477 4	; 1550
477 0	928 0	; 1551
473 0	940 0	; 1552
475 0	938 0	; 1553
941 0	852 1	; 1554
473 0	945 0	; 1555
473 0	947 0	; 1556
823 0	941 0	; 1557
981 0	480 0	; 1558
; level 13
n 385
1165 0	1166 4	; 1559
475 0	1167 1	; 1560
1168 0	1169 1	; 1561
1167 0	1170 4	; 1562
1171 0	1172 4	; 1563
1173 0	1174 4	; 1564
1175 0	1176 1	; 1565
475 0	1177 1	; 1566
1178 0	1179 1	; 1567
1180 0	1181 4	; 1568
1177 0	1181 4	; 1569
1182 0	1183 1	; 1570
1184 0	1185 4	; 1571
475 0	1186 1	; 1572
1187 0	1188 1	; 1573
473 0	1189 4	; 1574
1190 0	1191 4	; 1575
1192 0	1193 1	; 1576
473 0	1194 4	; 1577
1195 0	1196 4	; 1578
1197 0	1198 1	; 1579
1194 0	1177 1	; 1580
1 0	1 4	; 1581
1 0	2 4	; 1582
1 0	1 1	; 1583
473 0	475 4	; 1584
475 0	473 1	; 1585
1199 0	475 4	; 1586
473 0	1 4	; 1587
1200 0	477 4	; 1588
1201 0	1202 4	; 1589
1203 0	1204 4	; 1590
1205 0	1206 4	; 1591
475 0	1207 1	; 1592
1208 0	1209 1	; 1593
1210 0	1211 1	; 1594
475 0	1212 1	; 1595
1208 0	1213 1	; 1596
475 0	1203 1	; 1597
1214 0	1215 1	; 1598
1216 0	1217 0	; 1599
1218 0	1219 4	; 1600
1220 0	1221 4	; 1601
475 0	1222 1	; 1602
1223 0	1221 4	; 1603
1224 0	1225 0	; 1604
1226 0	1227 0	; 1605
1228 0	1219 4	; 1606
1229 0	1230 0	; 1607
475 0	1231 1	; 1608
1232 0	1233 0	; 1609
1234 0	1235 4	; 1610
1236 0	1237 4	; 1611
475 0	1238 1	; 1612
1234 0	1239 4	; 1613
1240 0	1241 1	; 1614
475 0	1242 1	; 1615
1243 0	1244 1	; 1616
1245 0	1246 4	; 1617
1236 0	1247 4	; 1618
475 0	1248 1	; 1619
475 0	1249 1	; 1620
1250 0	1251 1	; 1621
1252 0	1253 0	; 1622
1254 0	1255 0	; 1623
1256 0	1257 4	; 1624
475 0	1258 1	; 1625
477 0	1259 1	; 1626
473 0	1260 4	; 1627
473 0	1261 4	; 1628
1262 0	1263 1	; 1629
1264 0	1207 1	; 1630
1265 0	1266 4	; 1631
473 0	1267 4	; 1632
473 0	1268 4	; 1633
1264 0	1212 1	; 1634
1262 0	1201 1	; 1635
1269 0	1270 1	; 1636
1271 0	1272 0	; 1637
531 0	1273 4	; 1638
473 0	1274 4	; 1639
1275 0	1276 1	; 1640
1277 0	1278 4	; 1641
473 0	1279 4	; 1642
1280 0	1281 1	; 1643
1282 0	1283 1	; 1644
473 0	1284 4	; 1645
1285 0	1286 0	; 1646
1287 0	1288 0	; 1647
1289 0	1290 1	; 1648
473 0	1291 4	; 1649
1292 0	1283 1	; 1650
1289 0	1281 1	; 1651
1292 0	1293 1	; 1652
1294 0	1295 1	; 1653
1296 0	1281 1	; 1654
1297 0	1298 0	; 1655
1299 0	1300 0	; 1656
473 0	1301 4	; 1657
1302 0	1303 1	; 1658
480 0	477 4	; 1659
1 0	1305 4	; 1660
973 0	1306 4	; 1661
975 0	1307 4	; 1662
1308 0	1309 4	; 1663
475 0	1310 1	; 1664
1311 0	975 1	; 1665
477 0	981 1	; 1666
1312 0	1 1	; 1667
1313 0	1 1	; 1668
1 0	1314 4	; 1669
1315 0	1316 4	; 1670
1308 0	1317 4	; 1671
475 0	1318 1	; 1672
973 0	1309 4	; 1673
1319 0	821 4	; 1674
1320 0	826 4	; 1675
475 0	1321 1	; 1676
1187 0	1322 1	; 1677
1323 0	1324 1	; 1678
650 0	59 0	; 1679
475 0	1325 1	; 1680
1326 0	1327 0	; 1681
1328 0	839 4	; 1682
1329 0	828 4	; 1683
475 0	1330 1	; 1684
1331 0	839 4	; 1685
1332 0	828 4	; 1686
475 0	1333 1	; 1687
1334 0	1335 1	; 1688
1336 0	837 0	; 1689
475 0	1337 1	; 1690
1338 0	999 4	; 1691
1339 0	1002 0	; 1692
1340 0	843 4	; 1693
475 0	844 1	; 1694
477 0	1341 1	; 1695
1 0	1342 4	; 1696
983 0	1 1	; 1697
473 0	1311 4	; 1698
984 0	1343 1	; 1699
1311 0	1310 1	; 1700
984 0	1004 1	; 1701
480 0	1005 0	; 1702
1314 0	1 1	; 1703
984 0	480 1	; 1704
473 0	846 4	; 1705
1344 0	849 1	; 1706
1345 0	1346 4	; 1707
473 0	1347 4	; 1708
1348 0	835 1	; 1709
1349 0	854 1	; 1710
473 0	1350 4	; 1711
1351 0	1352 4	; 1712
1353 0	1354 4	; 1713
1355 0	1014 0	; 1714
473 0	1356 4	; 1715
1357 0	1016 0	; 1716
473 0	969 4	; 1717
1358 0	971 1	; 1718
480 0	1359 4	; 1719
1360 0	858 4	; 1720
1361 0	860 4	; 1721
475 0	859 1	; 1722
1362 0	1363 1	; 1723
1364 0	882 4	; 1724
475 0	883 1	; 1725
1365 0	880 4	; 1726
1366 0	1019 4	; 1727
1367 0	1368 1	; 1728
1369 0	897 4	; 1729
475 0	902 1	; 1730
1370 0	900 4	; 1731
1371 0	909 1	; 1732
1372 0	921 4	; 1733
475 0	922 1	; 1734
1373 0	1374 0	; 1735
473 0	924 4	; 1736
1375 0	857 1	; 1737
1376 0	859 1	; 1738
1377 0	928 4	; 1739
473 0	938 4	; 1740
1378 0	940 1	; 1741
1379 0	1380 0	; 1742
1381 0	1026 1	; 1743
473 0	942 4	; 1744
1382 0	945 1	; 1745
1383 0	947 1	; 1746
1384 0	1385 4	; 1747
473 0	968 4	; 1748
1386 0	970 1	; 1749
1277 0	1387 4	; 1750
822 0	475 4	; 1751
1322 0	1168 4	; 1752
821 0	1165 1	; 1753
826 0	1167 1	; 1754
1388 0	475 4	; 1755
837 0	1178 4	; 1756
1389 0	1390 0	; 1757
828 0	1391 1	; 1758
1392 0	475 4	; 1759
839 0	1393 1	; 1760
1394 0	475 4	; 1761
1395 0	1396 1	; 1762
1397 0	704 4	; 1763
844 0	475 4	; 1764
1341 0	1187 4	; 1765
843 0	1184 1	; 1766
1398 0	1399 4	; 1767
929 0	1400 0	; 1768
1401 0	473 0	; 1769
1402 0	1403 0	; 1770
849 0	1192 4	; 1771
846 0	473 1	; 1772
1346 0	1190 1	; 1773
854 0	1404 4	; 1774
1 0	1405 0	; 1775
1406 0	473 1	; 1776
1407 0	1195 1	; 1777
1049 0	1408 4	; 1778
835 0	1409 4	; 1779
854 0	1410 4	; 1780
1052 0	1411 0	; 1781
1412 0	1195 1	; 1782
1413 0	1414 1	; 1783
971 0	1185 4	; 1784
969 0	473 1	; 1785
1359 0	1345 1	; 1786
859 0	475 4	; 1787
858 0	1201 1	; 1788
860 0	1203 1	; 1789
1363 0	1210 4	; 1790
1415 0	475 4	; 1791
882 0	1416 1	; 1792
1417 0	475 4	; 1793
1418 0	1419 0	; 1794
1061 0	1420 0	; 1795
1063 0	1421 1	; 1796
880 0	1422 1	; 1797
1065 0	1423 1	; 1798
1424 0	475 4	; 1799
1425 0	1426 1	; 1800
1427 0	1428 1	; 1801
1429 0	1430 4	; 1802
1431 0	1432 0	; 1803
1433 0	1426 1	; 1804
1434 0	1426 1	; 1805
1435 0	1428 1	; 1806
909 0	1243 4	; 1807
922 0	475 4	; 1808
921 0	1256 1	; 1809
1374 0	477 4	; 1810
1436 0	1262 4	; 1811
1437 0	1264 4	; 1812
1438 0	473 1	; 1813
1439 0	1440 0	; 1814
1441 0	1442 1	; 1815
1443 0	1262 4	; 1816
928 0	1265 1	; 1817
940 0	1275 4	; 1818
938 0	473 1	; 1819
1444 0	1445 0	; 1820
1446 0	1447 4	; 1821
1448 0	473 1	; 1822
1449 0	1447 4	; 1823
1450 0	1451 0	; 1824
1452 0	473 1	; 1825
1453 0	1454 1	; 1826
1455 0	1456 4	; 1827
1457 0	1458 4	; 1828
1459 0	1285 1	; 1829
1460 0	1458 4	; 1830
970 0	1302 4	; 1831
968 0	473 1	; 1832
1387 0	480 1	; 1833
1203 0	475 4	; 1834
1461 0	1462 4	; 1835
1463 0	1464 1	; 1836
1465 0	1466 1	; 1837
1467 0	1468 1	; 1838
1469 0	1464 1	; 1839
1211 0	1470 4	; 1840
1471 0	475 4	; 1841
1472 0	1464 1	; 1842
1473 0	780 4	; 1843
1474 0	1475 4	; 1844
1476 0	1477 1	; 1845
1478 0	1468 1	; 1846
1479 0	475 4	; 1847
1480 0	1466 1	; 1848
1481 0	475 4	; 1849
1219 0	1320 1	; 1850
1221 0	1319 1	; 1851
1482 0	475 4	; 1852
1225 0	1187 4	; 1853
1483 0	1484 0	; 1854
1485 0	1326 0	; 1855
1486 0	1323 4	; 1856
1487 0	475 4	; 1857
1488 0	1489 1	; 1858
1490 0	1491 1	; 1859
1492 0	475 4	; 1860
1244 0	1336 0	; 1861
1493 0	1494 0	; 1862
1495 0	1496 0	; 1863
1497 0	1498 1	; 1864
1235 0	1489 1	; 1865
1237 0	1499 1	; 1866
1490 0	1328 1	; 1867
1490 0	1499 1	; 1868
1500 0	1501 0	; 1869
1258 0	475 4	; 1870
1257 0	1340 1	; 1871
1259 0	477 4	; 1872
1201 0	1502 4	; 1873
1203 0	1503 4	; 1874
1504 0	473 1	; 1875
1505 0	473 1	; 1876
1506 0	1502 4	; 1877
1266 0	1507 1	; 1878
1508 0	473 1	; 1879
1479 0	1509 0	; 1880
1510 0	1511 0	; 1881
1512 0	783 1	; 1882
1471 0	1503 4	; 1883
1276 0	1344 4	; 1884
1274 0	473 1	; 1885
1278 0	1345 1	; 1886
1283 0	1348 4	; 1887
1281 0	1349 4	; 1888
1513 0	473 1	; 1889
1281 0	1514 4	; 1890
1515 0	1516 0	; 1891
1517 0	473 1	; 1892
1518 0	1351 0	; 1893
1519 0	1520 0	; 1894
1521 0	1351 0	; 1895
1283 0	1522 4	; 1896
1523 0	473 1	; 1897
1524 0	1525 0	; 1898
1303 0	1358 4	; 1899
1301 0	473 1	; 1900
477 0	480 1	; 1901
1526 0	1 1	; 1902
1527 0	475 4	; 1903
1528 0	1529 1	; 1904
1530 0	1527 1	; 1905
1531 0	1529 1	; 1906
1532 0	475 4	; 1907
1533 0	475 4	; 1908
1534 0	1535 1	; 1909
1536 0	1533 1	; 1910
1537 0	1538 1	; 1911
1345 0	477 4	; 1912
1361 0	475 4	; 1913
1531 0	1360 1	; 1914
1531 0	1527 1	; 1915
1537 0	1539 1	; 1916
1540 0	1533 1	; 1917
1528 0	1538 1	; 1918
1365 0	475 4	; 1919
1541 0	1364 1	; 1920
1542 0	1365 1	; 1921
1543 0	1544 4	; 1922
1370 0	475 4	; 1923
1545 0	1369 1	; 1924
1546 0	1370 1	; 1925
1547 0	1371 4	; 1926
1548 0	475 4	; 1927
1386 0	1372 1	; 1928
1549 0	1550 0	; 1929
1360 0	1375 4	; 1930
1376 0	473 1	; 1931
1361 0	1376 4	; 1932
1551 0	1377 1	; 1933
1552 0	1378 4	; 1934
1553 0	473 1	; 1935
1554 0	1379 1	; 1936
1555 0	1382 4	; 1937
1383 0	473 1	; 1938
1556 0	1383 4	; 1939
1557 0	1384 1	; 1940
637 0	473 1	; 1941
477 0	1558 1	; 1942
473 0	502 4	; 1943
; level 14
n 338
1560 0	1561 0	; 1944
1561 0	1560 0	; 1945
1562 0	1559 0	; 1946
1559 0	1 0	; 1947
1 0	1559 0	; 1948
1559 0	1562 0	; 1949
1563 0	1564 0	; 1950
1565 0	1566 0	; 1951
1567 0	1566 0	; 1952
1564 0	1563 0	; 1953
1563 0	1568 0	; 1954
1569 0	1568 0	; 1955
1570 0	1566 0	; 1956
1568 0	1563 0	; 1957
1 0	1563 0	; 1958
1564 0	1568 0	; 1959
1572 0	1573 0	; 1960
1571 0	1 0	; 1961
1574 0	1575 0	; 1962
1576 0	1 1	; 1963
1577 0	1578 0	; 1964
1578 0	1577 0	; 1965
1579 0	1580 0	; 1966
1579 0	1 1	; 1967
1 0	1579 4	; 1968
1580 0	1579 0	; 1969
1 0	1582 1	; 1970
1586 0	1584 0	; 1971
1583 0	1 1	; 1972
1587 0	1588 0	; 1973
1589 0	1590 0	; 1974
1589 0	1591 0	; 1975
1592 0	1593 0	; 1976
1591 0	1589 0	; 1977
1594 0	1595 0	; 1978
1590 0	1589 0	; 1979
1596 0	1595 0	; 1980
1597 0	1596 0	; 1981
1592 0	1595 0	; 1982
1 0	1589 0	; 1983
1598 0	1595 0	; 1984
1599 0	1589 0	; 1985
1600 0	1601 0	; 1986
1602 0	1604 1	; 1987
1605 0	1602 4	; 1988
1601 0	1600 0	; 1989
1602 0	1607 1	; 1990
1603 0	1 0	; 1991
1 0	1603 0	; 1992
1608 0	1604 1	; 1993
1601 0	1 0	; 1994
1609 0	1603 0	; 1995
1606 0	1603 0	; 1996
1603 0	1606 0	; 1997
1610 0	1611 0	; 1998
1614 0	1615 0	; 1999
1616 0	1615 0	; 2000
1617 0	1618 0	; 2001
1620 0	1615 0	; 2002
1612 0	1615 0	; 2003
1 0	1613 0	; 2004
1621 0	1615 0	; 2005
1622 0	1613 0	; 2006
1623 0	1613 0	; 2007
1613 0	1618 0	; 2008
1625 0	1626 0	; 2009
1624 0	1 0	; 2010
1627 0	1628 0	; 2011
1629 0	1630 0	; 2012
1631 0	1632 0	; 2013
1633 0	1632 0	; 2014
1634 0	1629 0	; 2015
1635 0	1634 0	; 2016
1 0	1629 4	; 2017
1636 0	1629 0	; 2018
1637 0	1629 4	; 2019
1638 0	1632 0	; 2020
1629 0	1634 0	; 2021
1639 0	1641 0	; 2022
1640 0	1 1	; 2023
1643 0	1644 0	; 2024
1645 0	1646 0	; 2025
1647 0	1645 0	; 2026
1649 0	1645 0	; 2027
1653 0	1643 0	; 2028
1648 0	1 1	; 2029
1 0	1651 4	; 2030
1646 0	1645 0	; 2031
1654 0	1 1	; 2032
1655 0	1651 4	; 2033
1656 0	1645 0	; 2034
1652 0	1648 0	; 2035
1648 0	1652 0	; 2036
1657 0	1659 0	; 2037
1658 0	1 1	; 2038
1 0	1660 1	; 2039
1 0	1583 4	; 2040
1662 0	1663 0	; 2041
1664 0	1665 0	; 2042
1666 0	1665 0	; 2043
1661 0	1662 0	; 2044
1583 0	1667 0	; 2045
1668 0	1665 0	; 2046
1669 0	1670 0	; 2047
1672 0	1665 0	; 2048
1 0	1663 0	; 2049
1673 0	1663 0	; 2050
1676 0	1677 0	; 2051
1678 0	1676 0	; 2052
1675 0	1674 0	; 2053
1674 0	1 0	; 2054
1679 0	1674 0	; 2055
1674 0	1675 0	; 2056
1680 0	1677 0	; 2057
1681 0	1674 0	; 2058
1688 0	1687 0	; 2059
1689 0	1687 4	; 2060
1686 0	1685 0	; 2061
1690 0	1687 0	; 2062
1691 0	1686 0	; 2063
1 0	1686 0	; 2064
1692 0	1686 0	; 2065
1694 0	1695 0	; 2066
1693 0	1 0	; 2067
1 0	1697 4	; 2068
1700 0	1701 0	; 2069
1702 0	1698 0	; 2070
1699 0	1700 0	; 2071
1703 0	1704 0	; 2072
1 0	1701 4	; 2073
1705 0	1707 0	; 2074
1706 0	1 1	; 2075
1711 0	1712 0	; 2076
1713 0	1708 0	; 2077
1710 0	1709 0	; 2078
1710 0	1 1	; 2079
1714 0	1710 4	; 2080
1712 0	1715 0	; 2081
1709 0	1710 0	; 2082
1716 0	1710 4	; 2083
1712 0	1708 0	; 2084
1717 0	1719 0	; 2085
1718 0	1 1	; 2086
1720 0	1721 0	; 2087
1721 0	1720 0	; 2088
1723 0	1722 0	; 2089
1 0	1720 0	; 2090
1727 0	1724 0	; 2091
1725 0	1728 0	; 2092
1728 0	1725 0	; 2093
1724 0	1 0	; 2094
1 0	1724 0	; 2095
1726 0	1724 0	; 2096
1724 0	1726 0	; 2097
1729 0	1731 0	; 2098
1732 0	1730 0	; 2099
1 0	1729 0	; 2100
1734 0	1735 1	; 2101
1733 0	1 0	; 2102
1737 0	1738 0	; 2103
1738 0	1737 0	; 2104
1739 0	1736 0	; 2105
1 0	1737 4	; 2106
1740 0	1742 0	; 2107
1743 0	1741 0	; 2108
1741 0	1 1	; 2109
1745 0	1746 0	; 2110
1744 0	1747 0	; 2111
1747 0	1744 0	; 2112
1745 0	1 1	; 2113
1 0	1745 4	; 2114
1746 0	1745 0	; 2115
1748 0	1750 0	; 2116
1749 0	1 1	; 2117
1751 0	1752 0	; 2118
1753 0	1 1	; 2119
1 0	1753 4	; 2120
1754 0	1753 0	; 2121
1753 0	1754 0	; 2122
1752 0	1751 0	; 2123
1756 0	1755 0	; 2124
1757 0	1758 4	; 2125
1 0	1758 4	; 2126
1758 0	1760 0	; 2127
1761 0	1759 0	; 2128
1756 0	1759 0	; 2129
1762 0	1758 0	; 2130
1763 0	1759 0	; 2131
1764 0	1765 0	; 2132
1766 0	1 1	; 2133
1 0	1767 0	; 2134
1768 0	1769 0	; 2135
1767 0	1770 0	; 2136
1770 0	1767 0	; 2137
1771 0	1 0	; 2138
1772 0	1773 0	; 2139
1774 0	1 0	; 2140
1775 0	1774 0	; 2141
1777 0	1776 0	; 2142
1778 0	1774 0	; 2143
1774 0	1779 0	; 2144
1780 0	1 0	; 2145
1781 0	1774 0	; 2146
1782 0	1776 0	; 2147
1776 0	1782 0	; 2148
1783 0	1776 0	; 2149
1784 0	1 0	; 2150
1785 0	1786 0	; 2151
1788 0	1789 0	; 2152
1790 0	1787 0	; 2153
1 0	1788 4	; 2154
1789 0	1788 0	; 2155
1793 0	1794 0	; 2156
1792 0	1 1	; 2157
1795 0	1792 4	; 2158
1796 0	1792 0	; 2159
1792 0	1797 0	; 2160
1 0	1792 4	; 2161
1798 0	1792 0	; 2162
1794 0	1793 0	; 2163
1800 0	1801 0	; 2164
1802 0	1799 0	; 2165
1803 0	1804 4	; 2166
1 0	1804 4	; 2167
1805 0	1806 0	; 2168
1807 0	1799 0	; 2169
1808 0	1810 0	; 2170
1809 0	1 1	; 2171
1811 0	1812 0	; 2172
1814 0	1811 0	; 2173
1 0	1811 0	; 2174
1815 0	1813 0	; 2175
1816 0	1812 0	; 2176
1817 0	1813 0	; 2177
1812 0	1811 0	; 2178
1818 0	1 0	; 2179
1819 0	1820 1	; 2180
1823 0	1 0	; 2181
1824 0	1823 0	; 2182
1826 0	1825 0	; 2183
1827 0	1821 0	; 2184
1821 0	1828 0	; 2185
1 0	1823 0	; 2186
1829 0	1825 0	; 2187
1825 0	1829 0	; 2188
1831 0	1 0	; 2189
1832 0	1833 0	; 2190
1834 0	1835 0	; 2191
1836 0	1837 0	; 2192
1838 0	1839 0	; 2193
1840 0	1841 0	; 2194
1 0	1839 4	; 2195
1843 0	1841 0	; 2196
1844 0	1841 0	; 2197
1845 0	1839 0	; 2198
1837 0	1839 0	; 2199
1846 0	1839 0	; 2200
1848 0	1842 0	; 2201
1848 0	1839 0	; 2202
1842 0	1846 0	; 2203
1850 0	1851 0	; 2204
1851 0	1850 0	; 2205
1852 0	1853 0	; 2206
1851 0	1 1	; 2207
1854 0	1851 4	; 2208
1849 0	1853 0	; 2209
1855 0	1851 4	; 2210
1856 0	1852 0	; 2211
1858 0	1859 0	; 2212
1861 0	1860 0	; 2213
1862 0	1858 4	; 2214
1 0	1858 4	; 2215
1863 0	1860 0	; 2216
1864 0	1858 0	; 2217
1865 0	1866 0	; 2218
1867 0	1868 0	; 2219
1857 0	1860 0	; 2220
1869 0	1860 0	; 2221
1870 0	1872 0	; 2222
1871 0	1 1	; 2223
1873 0	1874 0	; 2224
1875 0	1876 0	; 2225
1 0	1877 0	; 2226
1878 0	1876 0	; 2227
1880 0	1877 0	; 2228
1881 0	1877 0	; 2229
1882 0	1876 0	; 2230
1877 0	1883 0	; 2231
1883 0	1877 0	; 2232
1884 0	1 0	; 2233
1885 0	1886 0	; 2234
1887 0	1888 0	; 2235
1888 0	1887 0	; 2236
1890 0	1 0	; 2237
1891 0	1890 0	; 2238
1893 0	1892 4	; 2239
1888 0	1 0	; 2240
1894 0	1890 0	; 2241
1895 0	1892 4	; 2242
1896 0	1890 0	; 2243
1890 0	1896 0	; 2244
1897 0	1895 1	; 2245
1898 0	1892 4	; 2246
1899 0	1 0	; 2247
1900 0	1901 0	; 2248
1905 0	1906 0	; 2249
1907 0	1908 0	; 2250
1909 0	1910 0	; 2251
1912 0	1913 0	; 2252
1 0	1914 4	; 2253
1915 0	1906 0	; 2254
1916 0	1917 0	; 2255
1921 0	1920 0	; 2256
1920 0	1921 0	; 2257
1919 0	1922 0	; 2258
1920 0	1 1	; 2259
1 0	1920 4	; 2260
1922 0	1919 0	; 2261
1924 0	1925 0	; 2262
1926 0	1923 0	; 2263
1 0	1924 4	; 2264
1927 0	1929 0	; 2265
1928 0	1 1	; 2266
1930 0	1932 0	; 2267
1 0	1930 0	; 2268
1933 0	1931 0	; 2269
1932 0	1930 0	; 2270
1934 0	1 0	; 2271
1935 0	1936 0	; 2272
1939 0	1937 0	; 2273
1937 0	1939 0	; 2274
1937 0	1 0	; 2275
1 0	1937 0	; 2276
1940 0	1938 0	; 2277
1938 0	1940 0	; 2278
1584 0	1 0	; 2279
1585 0	1901 0	; 2280
1941 0	1942 0	; 2281
; level 15
n 305
1944 0	1945 0	; 2282
1946 0	1559 0	; 2283
1559 0	1562 0	; 2284
1944 0	1560 0	; 2285
1947 0	1948 0	; 2286
1946 0	1949 0	; 2287
1950 0	1563 0	; 2288
1951 0	1952 0	; 2289
1953 0	1954 0	; 2290
1955 0	1953 0	; 2291
1956 0	1566 0	; 2292
1566 0	1952 0	; 2293
1957 0	1958 0	; 2294
1563 0	1954 0	; 2295
1959 0	1563 0	; 2296
1572 0	1960 0	; 2297
1962 0	1574 0	; 2298
1964 0	1965 0	; 2299
1579 0	1966 0	; 2300
1580 0	1579 0	; 2301
1967 0	1968 1	; 2302
1577 0	1965 0	; 2303
1969 0	1966 0	; 2304
1581 0	1970 4	; 2305
1971 0	1584 0	; 2306
1585 0	1972 0	; 2307
1584 0	1973 0	; 2308
1974 0	1975 0	; 2309
1976 0	1592 0	; 2310
1978 0	1595 0	; 2311
1591 0	1979 0	; 2312
1595 0	1980 0	; 2313
1977 0	1979 0	; 2314
1981 0	1982 0	; 2315
1975 0	1979 0	; 2316
1983 0	1589 0	; 2317
1984 0	1980 0	; 2318
1985 0	1977 0	; 2319
1589 0	1979 0	; 2320
1986 0	1601 0	; 2321
1987 0	1988 1	; 2322
1603 0	1606 0	; 2323
1986 0	1989 0	; 2324
1990 0	1602 0	; 2325
1991 0	1992 0	; 2326
1993 0	1602 0	; 2327
1994 0	1995 0	; 2328
1996 0	1997 0	; 2329
1610 0	1998 0	; 2330
1999 0	2000 0	; 2331
2001 0	1613 0	; 2332
1618 0	1613 0	; 2333
2002 0	2003 0	; 2334
1998 0	1610 0	; 2335
1619 0	2000 0	; 2336
1615 0	2005 0	; 2337
2006 0	2007 0	; 2338
2008 0	1613 0	; 2339
1625 0	2009 0	; 2340
2012 0	1629 0	; 2341
2014 0	1632 0	; 2342
1629 0	2015 0	; 2343
2016 0	1629 0	; 2344
2013 0	1632 0	; 2345
2018 0	2019 1	; 2346
2020 0	1632 0	; 2347
2021 0	1629 0	; 2348
2022 0	1639 0	; 2349
1643 0	2024 0	; 2350
2025 0	2026 0	; 2351
2027 0	1645 0	; 2352
1650 0	1651 0	; 2353
1652 0	1648 0	; 2354
2028 0	2024 0	; 2355
2029 0	2030 1	; 2356
1645 0	2031 0	; 2357
2032 0	2033 1	; 2358
1645 0	2034 0	; 2359
2035 0	2036 0	; 2360
1657 0	2037 0	; 2361
1658 0	2038 0	; 2362
1304 0	2039 4	; 2363
1661 0	2041 0	; 2364
2043 0	1665 0	; 2365
2044 0	1661 0	; 2366
1664 0	2042 0	; 2367
2045 0	2046 0	; 2368
2047 0	1671 0	; 2369
2043 0	2048 0	; 2370
2049 0	2050 0	; 2371
1674 0	1675 0	; 2372
2051 0	2052 0	; 2373
2053 0	1674 0	; 2374
2051 0	1676 0	; 2375
2054 0	2055 0	; 2376
2053 0	2056 0	; 2377
2057 0	1676 0	; 2378
2054 0	2058 0	; 2379
1682 0	1683 0	; 2380
1685 0	1686 0	; 2381
2059 0	2060 1	; 2382
1686 0	2061 0	; 2383
2062 0	2060 1	; 2384
2063 0	2064 0	; 2385
2061 0	1686 0	; 2386
1687 0	2060 1	; 2387
2065 0	2064 0	; 2388
1694 0	2066 0	; 2389
1699 0	2069 0	; 2390
2071 0	1699 0	; 2391
2072 0	2073 1	; 2392
2070 0	1698 0	; 2393
1699 0	2071 0	; 2394
2074 0	1705 0	; 2395
1709 0	1710 0	; 2396
2076 0	2077 0	; 2397
1710 0	2078 0	; 2398
2079 0	2080 1	; 2399
1715 0	2081 0	; 2400
2082 0	2078 0	; 2401
2079 0	2083 1	; 2402
1708 0	2084 0	; 2403
1717 0	2085 0	; 2404
1718 0	2086 0	; 2405
1720 0	2087 0	; 2406
1720 0	2088 0	; 2407
2087 0	1720 0	; 2408
2089 0	1722 0	; 2409
2090 0	1720 0	; 2410
1724 0	1726 0	; 2411
2091 0	1724 0	; 2412
2092 0	2093 0	; 2413
2092 0	1725 0	; 2414
2094 0	2095 0	; 2415
2096 0	2097 0	; 2416
1731 0	1729 0	; 2417
1729 0	2098 0	; 2418
1730 0	2099 0	; 2419
2098 0	1729 0	; 2420
1734 0	2101 0	; 2421
1737 0	2103 0	; 2422
1737 0	2104 0	; 2423
2103 0	1737 0	; 2424
2105 0	1736 0	; 2425
2108 0	1741 0	; 2426
2107 0	1740 0	; 2427
1746 0	1745 0	; 2428
1745 0	2110 0	; 2429
2111 0	2112 0	; 2430
2113 0	2114 1	; 2431
1744 0	2112 0	; 2432
2115 0	2110 0	; 2433
1748 0	2116 0	; 2434
1749 0	2117 0	; 2435
2118 0	1751 0	; 2436
2119 0	2120 1	; 2437
2121 0	2122 0	; 2438
2118 0	2123 0	; 2439
2121 0	1753 0	; 2440
1753 0	1754 0	; 2441
1755 0	2124 0	; 2442
2125 0	2126 0	; 2443
2127 0	1758 0	; 2444
2128 0	2129 0	; 2445
2130 0	2126 1	; 2446
1758 0	2127 0	; 2447
2131 0	2129 0	; 2448
1760 0	1758 0	; 2449
1764 0	2132 0	; 2450
2135 0	1769 0	; 2451
2136 0	1767 0	; 2452
2137 0	2134 0	; 2453
1767 0	2136 0	; 2454
1767 0	2137 0	; 2455
2139 0	1772 0	; 2456
2140 0	2141 0	; 2457
1776 0	2142 0	; 2458
2143 0	2144 0	; 2459
2145 0	2146 0	; 2460
1776 0	2147 0	; 2461
2148 0	2149 0	; 2462
1774 0	2144 0	; 2463
1779 0	1774 0	; 2464
1784 0	2150 0	; 2465
1785 0	2151 0	; 2466
2152 0	1788 0	; 2467
2153 0	1787 0	; 2468
2154 0	1788 4	; 2469
1788 0	2155 0	; 2470
2156 0	1793 0	; 2471
2157 0	2158 1	; 2472
2159 0	2160 0	; 2473
2157 0	2161 1	; 2474
2162 0	1792 0	; 2475
2156 0	2163 0	; 2476
1792 0	1797 0	; 2477
1800 0	2164 0	; 2478
1799 0	2165 0	; 2479
2166 0	2167 0	; 2480
2168 0	1804 0	; 2481
1799 0	2169 0	; 2482
1806 0	1804 0	; 2483
1808 0	2170 0	; 2484
1811 0	2172 0	; 2485
2173 0	2174 0	; 2486
2175 0	1813 0	; 2487
2176 0	1811 0	; 2488
2177 0	1813 0	; 2489
2172 0	1811 0	; 2490
1811 0	2178 0	; 2491
2180 0	1819 0	; 2492
2181 0	2182 0	; 2493
1825 0	2183 0	; 2494
2184 0	2185 0	; 2495
2181 0	2186 0	; 2496
1825 0	2187 0	; 2497
1821 0	2185 0	; 2498
2188 0	2187 0	; 2499
1830 0	1823 0	; 2500
1831 0	2189 0	; 2501
1832 0	2190 0	; 2502
2191 0	1834 0	; 2503
2192 0	2193 0	; 2504
2194 0	1841 0	; 2505
2195 0	1842 4	; 2506
2196 0	2197 0	; 2507
2198 0	2199 0	; 2508
1842 0	2200 0	; 2509
1837 0	2193 0	; 2510
1847 0	2197 0	; 2511
2201 0	2200 0	; 2512
2203 0	1842 0	; 2513
2204 0	2205 0	; 2514
2206 0	1852 0	; 2515
2207 0	2208 1	; 2516
2209 0	1849 0	; 2517
2207 0	2210 1	; 2518
1851 0	1850 0	; 2519
2209 0	2211 0	; 2520
2204 0	1851 0	; 2521
2212 0	1858 0	; 2522
1860 0	2213 0	; 2523
2214 0	2215 0	; 2524
1860 0	2216 0	; 2525
2217 0	2215 1	; 2526
2218 0	1865 0	; 2527
2219 0	1858 0	; 2528
2220 0	1860 0	; 2529
1866 0	1865 0	; 2530
2221 0	2213 0	; 2531
1865 0	2218 0	; 2532
1870 0	2222 0	; 2533
2224 0	1873 0	; 2534
2225 0	1876 0	; 2535
2227 0	1879 0	; 2536
2228 0	2229 0	; 2537
2230 0	1876 0	; 2538
2231 0	1877 0	; 2539
1877 0	2232 0	; 2540
2234 0	1885 0	; 2541
2235 0	2236 0	; 2542
2237 0	2238 0	; 2543
1892 0	2239 1	; 2544
2240 0	2241 0	; 2545
1892 0	2242 1	; 2546
2243 0	2244 0	; 2547
1896 0	1890 0	; 2548
2245 0	2246 1	; 2549
1890 0	2244 0	; 2550
1899 0	2247 0	; 2551
1900 0	2248 0	; 2552
2040 0	1902 4	; 2553
1904 0	2249 0	; 2554
2250 0	1908 0	; 2555
2251 0	1911 0	; 2556
2252 0	1913 0	; 2557
2253 0	1914 4	; 2558
1906 0	2254 0	; 2559
2255 0	1918 0	; 2560
2256 0	2257 0	; 2561
2258 0	1919 0	; 2562
2259 0	2260 1	; 2563
1920 0	1921 0	; 2564
2256 0	1920 0	; 2565
2258 0	2261 0	; 2566
2262 0	1924 0	; 2567
1924 0	2262 0	; 2568
1923 0	2263 0	; 2569
1925 0	1924 0	; 2570
1927 0	2265 0	; 2571
2267 0	1930 0	; 2572
1930 0	2267 0	; 2573
2269 0	1931 0	; 2574
1930 0	2270 0	; 2575
2272 0	1935 0	; 2576
2273 0	2274 0	; 2577
2275 0	2276 0	; 2578
1938 0	2277 0	; 2579
1939 0	1937 0	; 2580
1937 0	2274 0	; 2581
2278 0	2277 0	; 2582
2040 0	1583 4	; 2583
1584 0	2279 0	; 2584
1585 0	2280 0	; 2585
1941 0	2281 0	; 2586
; level 16
n 370
1559 0	2282 4	; 2587
2283 0	1560 4	; 2588
2284 0	1560 4	; 2589
1559 0	1560 4	; 2590
2285 0	2286 1	; 2591
1560 0	1559 1	; 2592
1560 0	2287 1	; 2593
2288 0	2289 4	; 2594
2290 0	1566 4	; 2595
2291 0	2292 4	; 2596
1563 0	1566 4	; 2597
2293 0	2294 1	; 2598
1566 0	2295 1	; 2599
2292 0	2296 1	; 2600
1566 0	1563 1	; 2601
1571 0	1960 4	; 2602
1571 0	1572 4	; 2603
2297 0	1961 1	; 2604
1572 0	1571 1	; 2605
1962 0	1576 4	; 2606
1574 0	1576 4	; 2607
1963 0	2298 1	; 2608
1576 0	1574 1	; 2609
2299 0	1579 4	; 2610
1577 0	2300 4	; 2611
1577 0	2301 4	; 2612
1577 0	1579 4	; 2613
2302 0	2303 1	; 2614
1579 0	1577 1	; 2615
2304 0	1577 1	; 2616
2305 0	1583 4	; 2617
1584 0	1585 4	; 2618
2306 0	1585 4	; 2619
2307 0	2308 1	; 2620
1585 0	1584 1	; 2621
2309 0	2310 4	; 2622
1977 0	2311 4	; 2623
2312 0	2313 4	; 2624
2314 0	1595 4	; 2625
2315 0	2316 1	; 2626
2311 0	2317 1	; 2627
2318 0	2319 1	; 2628
1595 0	2320 1	; 2629
2321 0	1602 4	; 2630
1603 0	2322 4	; 2631
2323 0	1602 4	; 2632
1602 0	2324 1	; 2633
2325 0	2326 1	; 2634
2327 0	2328 1	; 2635
1602 0	2329 1	; 2636
2330 0	1612 4	; 2637
1613 0	2331 4	; 2638
2332 0	1615 4	; 2639
2333 0	1619 4	; 2640
2334 0	2335 1	; 2641
2336 0	2004 1	; 2642
2337 0	2338 1	; 2643
1619 0	2339 1	; 2644
1624 0	1625 4	; 2645
1624 0	2009 4	; 2646
1625 0	1624 1	; 2647
2340 0	2010 1	; 2648
2011 0	2341 4	; 2649
2013 0	1629 4	; 2650
2342 0	2343 4	; 2651
1632 0	2343 4	; 2652
2344 0	1628 1	; 2653
2017 0	2345 0	; 2654
2346 0	2347 1	; 2655
2348 0	1632 1	; 2656
1639 0	1640 4	; 2657
2022 0	1640 4	; 2658
1640 0	1639 1	; 2659
2023 0	2349 1	; 2660
1642 0	2350 4	; 2661
2351 0	1648 4	; 2662
2352 0	2353 4	; 2663
1645 0	2354 4	; 2664
2355 0	1642 1	; 2665
2356 0	2357 1	; 2666
2358 0	2359 1	; 2667
2360 0	1645 1	; 2668
1657 0	1658 4	; 2669
2361 0	1658 4	; 2670
1658 0	1657 1	; 2671
2362 0	2361 1	; 2672
2363 0	2040 0	; 2673
2364 0	2042 4	; 2674
1663 0	2365 4	; 2675
2366 0	2367 4	; 2676
2368 0	2369 1	; 2677
2367 0	2364 1	; 2678
2370 0	2371 1	; 2679
1664 0	2366 1	; 2680
2372 0	1676 4	; 2681
1674 0	2373 4	; 2682
2374 0	1676 4	; 2683
2375 0	2376 1	; 2684
1676 0	2377 1	; 2685
2378 0	2379 1	; 2686
1676 0	1674 1	; 2687
2380 0	1684 4	; 2688
2381 0	1687 4	; 2689
1686 0	2382 4	; 2690
2383 0	1687 4	; 2691
2384 0	2385 1	; 2692
1687 0	2386 1	; 2693
2387 0	2388 1	; 2694
1687 0	2383 1	; 2695
1693 0	1694 4	; 2696
1693 0	2066 4	; 2697
2389 0	2067 1	; 2698
1694 0	1693 1	; 2699
1696 0	2068 0	; 2700
1698 0	2390 4	; 2701
2070 0	1701 4	; 2702
1698 0	2391 4	; 2703
2392 0	1698 1	; 2704
2391 0	1698 1	; 2705
2073 0	2393 0	; 2706
2394 0	1698 1	; 2707
1705 0	1706 4	; 2708
2074 0	1706 4	; 2709
2075 0	2395 1	; 2710
1706 0	1705 1	; 2711
1708 0	2396 4	; 2712
2397 0	1710 4	; 2713
1708 0	2398 4	; 2714
2399 0	2400 1	; 2715
2401 0	1708 1	; 2716
2402 0	2403 1	; 2717
1710 0	1708 1	; 2718
1717 0	1718 4	; 2719
2404 0	1718 4	; 2720
2405 0	2404 1	; 2721
1718 0	1717 1	; 2722
2406 0	1722 4	; 2723
2407 0	1722 4	; 2724
2408 0	1722 4	; 2725
1720 0	2409 4	; 2726
1722 0	2408 1	; 2727
2409 0	2410 1	; 2728
1722 0	2407 1	; 2729
1724 0	1725 4	; 2730
2411 0	1725 4	; 2731
2412 0	1725 4	; 2732
1724 0	2413 4	; 2733
1725 0	1724 1	; 2734
2414 0	2415 1	; 2735
1725 0	2416 1	; 2736
1729 0	1730 4	; 2737
2417 0	1730 4	; 2738
2418 0	1730 4	; 2739
1729 0	2099 4	; 2740
1730 0	2418 1	; 2741
2419 0	2100 1	; 2742
1730 0	2420 1	; 2743
1733 0	1734 4	; 2744
1733 0	2101 4	; 2745
1734 0	1733 1	; 2746
2421 0	2102 1	; 2747
1736 0	2422 4	; 2748
1736 0	2423 4	; 2749
1736 0	2424 4	; 2750
2105 0	1737 4	; 2751
2422 0	1736 1	; 2752
2106 0	2425 0	; 2753
2424 0	1736 1	; 2754
1740 0	1741 4	; 2755
2107 0	1741 4	; 2756
2426 0	1740 1	; 2757
2109 0	2427 1	; 2758
1741 0	1740 1	; 2759
1744 0	1745 4	; 2760
1744 0	2428 4	; 2761
1744 0	2429 4	; 2762
2430 0	1745 4	; 2763
1745 0	1744 1	; 2764
2431 0	2432 1	; 2765
2433 0	1744 1	; 2766
1748 0	1749 4	; 2767
2434 0	1749 4	; 2768
1749 0	1748 1	; 2769
2435 0	2434 1	; 2770
2436 0	2437 4	; 2771
1751 0	2438 4	; 2772
1751 0	1753 4	; 2773
1753 0	2439 1	; 2774
2440 0	1751 1	; 2775
2441 0	1751 1	; 2776
1753 0	1751 1	; 2777
2442 0	2443 0	; 2778
1759 0	2444 4	; 2779
2445 0	2446 4	; 2780
1759 0	2447 4	; 2781
1758 0	2448 1	; 2782
2447 0	1759 1	; 2783
2449 0	1759 1	; 2784
1758 0	1759 1	; 2785
2450 0	2133 4	; 2786
1764 0	1766 4	; 2787
1766 0	2132 1	; 2788
1766 0	1764 1	; 2789
2134 0	2451 0	; 2790
2452 0	1769 0	; 2791
2453 0	1769 0	; 2792
2454 0	1769 0	; 2793
2135 0	1767 0	; 2794
1769 0	2452 0	; 2795
1769 0	2455 0	; 2796
1769 0	2454 0	; 2797
2138 0	2456 4	; 2798
1771 0	1772 4	; 2799
2139 0	1771 1	; 2800
1772 0	1771 1	; 2801
2457 0	2458 4	; 2802
2459 0	1776 4	; 2803
2460 0	2461 4	; 2804
1774 0	1776 4	; 2805
2462 0	1774 1	; 2806
1776 0	2463 1	; 2807
1776 0	2464 1	; 2808
1776 0	1774 1	; 2809
2465 0	2466 4	; 2810
1784 0	1785 4	; 2811
2466 0	1784 1	; 2812
1785 0	1784 1	; 2813
1787 0	2467 4	; 2814
2468 0	2469 0	; 2815
1787 0	2470 4	; 2816
2467 0	1787 1	; 2817
1788 0	2468 1	; 2818
2470 0	1787 1	; 2819
1791 0	1792 4	; 2820
2471 0	2472 4	; 2821
1791 0	2473 4	; 2822
2471 0	2474 4	; 2823
2475 0	1791 1	; 2824
1792 0	2476 1	; 2825
2477 0	1793 1	; 2826
1799 0	2478 4	; 2827
2479 0	2480 0	; 2828
1799 0	2481 4	; 2829
2482 0	2167 0	; 2830
2478 0	1799 1	; 2831
1804 0	2169 1	; 2832
2483 0	1799 1	; 2833
1808 0	1809 4	; 2834
2484 0	2171 4	; 2835
1809 0	1808 1	; 2836
1809 0	2170 1	; 2837
2485 0	1813 4	; 2838
2486 0	2487 4	; 2839
2488 0	1813 4	; 2840
2174 0	2489 4	; 2841
1813 0	2490 1	; 2842
2177 0	1811 1	; 2843
1813 0	2491 1	; 2844
1818 0	1819 4	; 2845
2179 0	2492 4	; 2846
1819 0	1818 1	; 2847
2180 0	1818 1	; 2848
1821 0	1822 4	; 2849
2493 0	2494 4	; 2850
2495 0	1825 4	; 2851
2496 0	2497 4	; 2852
1822 0	2498 1	; 2853
2499 0	1823 1	; 2854
1825 0	2500 1	; 2855
1831 0	1832 4	; 2856
2501 0	2502 4	; 2857
1832 0	1831 1	; 2858
2502 0	1831 1	; 2859
2503 0	2504 4	; 2860
2505 0	2506 0	; 2861
2507 0	2508 4	; 2862
1841 0	2509 4	; 2863
2510 0	2511 1	; 2864
2512 0	1841 1	; 2865
2202 0	2505 1	; 2866
2513 0	1841 1	; 2867
1849 0	2514 4	; 2868
2515 0	2516 4	; 2869
2517 0	2518 4	; 2870
1852 0	2514 4	; 2871
2519 0	1852 1	; 2872
1851 0	2520 1	; 2873
2521 0	1852 1	; 2874
1857 0	2522 4	; 2875
2523 0	2524 0	; 2876
2525 0	2526 4	; 2877
1860 0	2527 4	; 2878
2528 0	2529 1	; 2879
2530 0	1860 1	; 2880
1865 0	2531 1	; 2881
2532 0	1860 1	; 2882
1870 0	1871 4	; 2883
2533 0	2223 4	; 2884
1871 0	1870 1	; 2885
1871 0	2222 1	; 2886
2534 0	2535 4	; 2887
2226 0	2536 4	; 2888
2537 0	2538 4	; 2889
2539 0	1879 4	; 2890
1879 0	2540 1	; 2891
2227 0	1877 1	; 2892
1879 0	2539 1	; 2893
1884 0	1885 4	; 2894
2233 0	2541 4	; 2895
1885 0	1884 1	; 2896
2234 0	1884 1	; 2897
2542 0	1889 4	; 2898
2543 0	2544 4	; 2899
2545 0	2546 4	; 2900
2547 0	1892 4	; 2901
1892 0	2548 1	; 2902
2549 0	1890 1	; 2903
1892 0	2550 1	; 2904
1899 0	1900 4	; 2905
2551 0	2552 4	; 2906
1900 0	1899 1	; 2907
2552 0	1899 1	; 2908
1581 0	2553 0	; 2909
1903 0	2554 4	; 2910
2555 0	2556 4	; 2911
2557 0	2558 0	; 2912
2559 0	1913 1	; 2913
2560 0	1903 1	; 2914
1914 0	2557 1	; 2915
1919 0	1920 4	; 2916
1919 0	2561 4	; 2917
2562 0	2563 4	; 2918
1920 0	1919 1	; 2919
2564 0	1919 1	; 2920
2565 0	1919 1	; 2921
1920 0	2566 1	; 2922
1923 0	1924 4	; 2923
1923 0	2567 4	; 2924
1923 0	2568 4	; 2925
2569 0	2264 0	; 2926
1924 0	1923 1	; 2927
2570 0	1923 1	; 2928
2568 0	1923 1	; 2929
1924 0	2263 1	; 2930
1927 0	1928 4	; 2931
2571 0	2266 4	; 2932
1928 0	1927 1	; 2933
1928 0	2265 1	; 2934
1930 0	1931 4	; 2935
2572 0	1931 4	; 2936
2573 0	1931 4	; 2937
2268 0	2574 4	; 2938
1931 0	2573 1	; 2939
1931 0	2575 1	; 2940
1931 0	2572 1	; 2941
2269 0	1930 1	; 2942
1934 0	1935 4	; 2943
2271 0	2576 4	; 2944
1935 0	1934 1	; 2945
2272 0	1934 1	; 2946
1937 0	1938 4	; 2947
2577 0	1938 4	; 2948
2578 0	2579 4	; 2949
1938 0	1937 1	; 2950
1938 0	2580 1	; 2951
1938 0	2581 1	; 2952
2582 0	1937 1	; 2953
1581 0	2583 0	; 2954
2584 0	2585 4	; 2955
2586 0	1943 1	; 2956
; level 17
n 193
2587 0	2588 0	; 2957
2589 0	2590 0	; 2958
2591 0	2592 0	; 2959
2593 0	2592 0	; 2960
2594 0	2595 0	; 2961
2596 0	2597 0	; 2962
2598 0	2599 0	; 2963
2600 0	2601 0	; 2964
2602 0	2603 0	; 2965
2604 0	2605 0	; 2966
2606 0	2607 0	; 2967
2608 0	2609 0	; 2968
2610 0	2611 0	; 2969
2612 0	2613 0	; 2970
2614 0	2615 0	; 2971
2616 0	2615 0	; 2972
2617 0	2618 0	; 2973
2619 0	2618 0	; 2974
2620 0	2621 0	; 2975
2622 0	2623 0	; 2976
2624 0	2625 0	; 2977
2626 0	2627 0	; 2978
2628 0	2629 0	; 2979
2630 0	2631 0	; 2980
2633 0	2634 0	; 2981
2635 0	2636 0	; 2982
2637 0	2638 0	; 2983
2639 0	2640 0	; 2984
2641 0	2642 0	; 2985
2643 0	2644 0	; 2986
2645 0	2646 0	; 2987
2647 0	2648 0	; 2988
2648 0	2647 0	; 2989
2649 0	2650 0	; 2990
2651 0	2652 0	; 2991
2653 0	2654 1	; 2992
2655 0	2656 0	; 2993
2657 0	2658 0	; 2994
2659 0	2660 0	; 2995
2660 0	2659 0	; 2996
2661 0	2662 0	; 2997
2663 0	2664 0	; 2998
2665 0	2666 0	; 2999
2667 0	2668 0	; 3000
2669 0	2670 0	; 3001
2671 0	2672 0	; 3002
2672 0	2671 0	; 3003
2673 0	2674 0	; 3004
2675 0	2676 0	; 3005
2677 0	2678 0	; 3006
2679 0	2680 0	; 3007
2682 0	2683 0	; 3008
2684 0	2685 0	; 3009
2686 0	2687 0	; 3010
2688 0	2689 0	; 3011
2690 0	2691 0	; 3012
2692 0	2693 0	; 3013
2694 0	2695 0	; 3014
2697 0	2696 0	; 3015
2698 0	2699 0	; 3016
2700 0	2701 0	; 3017
2702 0	2703 0	; 3018
2704 0	2705 0	; 3019
2706 0	2707 4	; 3020
2709 0	2708 0	; 3021
2710 0	2711 0	; 3022
2713 0	2714 0	; 3023
2715 0	2716 0	; 3024
2717 0	2718 0	; 3025
2720 0	2719 0	; 3026
2721 0	2722 0	; 3027
2723 0	2724 0	; 3028
2725 0	2726 0	; 3029
2727 0	2728 0	; 3030
2729 0	2728 0	; 3031
2730 0	2731 0	; 3032
2732 0	2733 0	; 3033
2734 0	2735 0	; 3034
2736 0	2735 0	; 3035
2737 0	2738 0	; 3036
2739 0	2740 0	; 3037
2741 0	2742 0	; 3038
2743 0	2742 0	; 3039
2744 0	2745 0	; 3040
2746 0	2747 0	; 3041
2748 0	2749 0	; 3042
2750 0	2751 0	; 3043
2752 0	2753 1	; 3044
2754 0	2753 1	; 3045
2755 0	2756 0	; 3046
2757 0	2758 0	; 3047
2759 0	2758 0	; 3048
2760 0	2761 0	; 3049
2762 0	2763 0	; 3050
2764 0	2765 0	; 3051
2766 0	2765 0	; 3052
2767 0	2768 0	; 3053
2769 0	2770 0	; 3054
2771 0	2772 0	; 3055
2771 0	2773 0	; 3056
2774 0	2775 0	; 3057
2776 0	2777 0	; 3058
2778 0	2779 0	; 3059
2780 0	2781 0	; 3060
2782 0	2783 0	; 3061
2784 0	2785 0	; 3062
2786 0	2787 0	; 3063
2788 0	2789 0	; 3064
2790 0	2791 0	; 3065
2792 0	2793 0	; 3066
2794 0	2795 0	; 3067
2796 0	2797 0	; 3068
2798 0	2799 0	; 3069
2800 0	2801 0	; 3070
2802 0	2803 0	; 3071
2804 0	2805 0	; 3072
2806 0	2807 0	; 3073
2808 0	2809 0	; 3074
2810 0	2811 0	; 3075
2812 0	2813 0	; 3076
2814 0	2815 0	; 3077
2816 0	2815 0	; 3078
2817 0	2818 0	; 3079
2820 0	2821 0	; 3080
2822 0	2823 0	; 3081
2824 0	2825 0	; 3082
2827 0	2828 0	; 3083
2829 0	2830 0	; 3084
2831 0	2832 0	; 3085
2834 0	2835 0	; 3086
2836 0	2837 0	; 3087
2838 0	2839 0	; 3088
2840 0	2841 0	; 3089
2842 0	2843 0	; 3090
2845 0	2846 0	; 3091
2847 0	2848 0	; 3092
2849 0	2850 0	; 3093
2851 0	2852 0	; 3094
2853 0	2854 0	; 3095
2856 0	2857 0	; 3096
2858 0	2859 0	; 3097
2860 0	2861 0	; 3098
2862 0	2863 0	; 3099
2864 0	2865 0	; 3100
2866 0	2867 0	; 3101
2868 0	2869 0	; 3102
2870 0	2871 0	; 3103
2873 0	2874 0	; 3104
2875 0	2876 0	; 3105
2877 0	2878 0	; 3106
2879 0	2880 0	; 3107
2881 0	2882 0	; 3108
2883 0	2884 0	; 3109
2884 0	2883 0	; 3110
2886 0	2885 0	; 3111
2887 0	2888 0	; 3112
2889 0	2890 0	; 3113
2892 0	2893 0	; 3114
2894 0	2895 0	; 3115
2895 0	2894 0	; 3116
2897 0	2896 0	; 3117
2898 0	2899 0	; 3118
2900 0	2901 0	; 3119
2903 0	2904 0	; 3120
2905 0	2906 0	; 3121
2906 0	2905 0	; 3122
2908 0	2907 0	; 3123
2909 0	2910 0	; 3124
2911 0	2912 0	; 3125
2914 0	2915 0	; 3126
2916 0	2917 0	; 3127
2916 0	2918 0	; 3128
2919 0	2920 0	; 3129
2921 0	2922 0	; 3130
2923 0	2924 0	; 3131
2925 0	2926 0	; 3132
2927 0	2928 0	; 3133
2929 0	2930 0	; 3134
2931 0	2932 0	; 3135
2933 0	2934 0	; 3136
2935 0	2936 0	; 3137
2937 0	2938 0	; 3138
2939 0	2940 0	; 3139
2941 0	2942 0	; 3140
2943 0	2944 0	; 3141
2945 0	2946 0	; 3142
2947 0	2948 0	; 3143
2947 0	2949 0	; 3144
2950 0	2951 0	; 3145
2952 0	2953 0	; 3146
2954 0	2618 0	; 3147
2619 0	2955 0	; 3148
2621 0	2956 0	; 3149
; level 18
n 111
2957 0	2958 0	; 3150
2959 0	2960 0	; 3151
2961 0	2962 0	; 3152
2963 0	2964 0	; 3153
2965 0	2603 0	; 3154
2966 0	2605 0	; 3155
2967 0	2607 0	; 3156
2968 0	2609 0	; 3157
2969 0	2970 0	; 3158
2971 0	2972 0	; 3159
2973 0	2974 0	; 3160
2975 0	2621 0	; 3161
2976 0	2977 0	; 3162
2978 0	2979 0	; 3163
2980 0	2632 0	; 3164
2981 0	2982 0	; 3165
2983 0	2984 0	; 3166
2985 0	2986 0	; 3167
2987 0	2645 0	; 3168
2988 0	2989 0	; 3169
2990 0	2991 0	; 3170
2992 0	2993 0	; 3171
2994 0	2657 0	; 3172
2995 0	2996 0	; 3173
2997 0	2998 0	; 3174
2999 0	3000 0	; 3175
3001 0	2669 0	; 3176
3002 0	3003 0	; 3177
3004 0	3005 0	; 3178
3006 0	3007 0	; 3179
2681 0	3008 0	; 3180
3009 0	3010 0	; 3181
3011 0	3012 0	; 3182
3013 0	3014 0	; 3183
2696 0	3015 0	; 3184
3017 0	3018 0	; 3185
3019 0	3020 1	; 3186
2708 0	3021 0	; 3187
2712 0	3023 0	; 3188
3024 0	3025 0	; 3189
2719 0	3026 0	; 3190
3028 0	3029 0	; 3191
3030 0	3031 0	; 3192
3032 0	3033 0	; 3193
3034 0	3035 0	; 3194
3036 0	3037 0	; 3195
3038 0	3039 0	; 3196
2744 0	3040 0	; 3197
3042 0	3043 0	; 3198
3044 0	3045 0	; 3199
2755 0	3046 0	; 3200
3047 0	3048 0	; 3201
3049 0	3050 0	; 3202
3051 0	3052 0	; 3203
2767 0	3053 0	; 3204
3055 0	3056 0	; 3205
3057 0	3058 0	; 3206
3059 0	3060 0	; 3207
3061 0	3062 0	; 3208
3064 0	2789 0	; 3209
3065 0	3066 0	; 3210
3067 0	3068 0	; 3211
3070 0	2801 0	; 3212
3071 0	3072 0	; 3213
3073 0	3074 0	; 3214
3076 0	2813 0	; 3215
3077 0	3078 0	; 3216
3079 0	2819 0	; 3217
3080 0	3081 0	; 3218
3082 0	2826 0	; 3219
3083 0	3084 0	; 3220
3085 0	2833 0	; 3221
3087 0	2836 0	; 3222
3088 0	3089 0	; 3223
3090 0	2844 0	; 3224
3092 0	2847 0	; 3225
3093 0	3094 0	; 3226
3095 0	2855 0	; 3227
3097 0	2858 0	; 3228
3098 0	3099 0	; 3229
3100 0	3101 0	; 3230
3102 0	3103 0	; 3231
2872 0	3104 0	; 3232
3105 0	3106 0	; 3233
3107 0	3108 0	; 3234
3109 0	3110 0	; 3235
2885 0	3111 0	; 3236
3112 0	3113 0	; 3237
2891 0	3114 0	; 3238
3115 0	3116 0	; 3239
2896 0	3117 0	; 3240
3118 0	3119 0	; 3241
2902 0	3120 0	; 3242
3121 0	3122 0	; 3243
2907 0	3123 0	; 3244
3124 0	3125 0	; 3245
2913 0	3126 0	; 3246
3127 0	3128 0	; 3247
3129 0	3130 0	; 3248
3131 0	3132 0	; 3249
3133 0	3134 0	; 3250
2931 0	3135 0	; 3251
2933 0	3136 0	; 3252
3137 0	3138 0	; 3253
3139 0	3140 0	; 3254
2943 0	3141 0	; 3255
2945 0	3142 0	; 3256
3143 0	3144 0	; 3257
3145 0	3146 0	; 3258
3147 0	3148 0	; 3259
2621 0	3149 0	; 3260
; level 19
n 61
3150 0	3151 4	; 3261
3152 0	3153 4	; 3262
3154 0	3155 4	; 3263
3156 0	3157 4	; 3264
3158 0	3159 4	; 3265
3160 0	3161 4	; 3266
3162 0	3163 4	; 3267
3164 0	3165 4	; 3268
3166 0	3167 4	; 3269
3168 0	3169 4	; 3270
3170 0	3171 4	; 3271
3172 0	3173 4	; 3272
3174 0	3175 4	; 3273
3176 0	3177 4	; 3274
3178 0	3179 4	; 3275
3180 0	3181 4	; 3276
3182 0	3183 4	; 3277
3184 0	3016 4	; 3278
3185 0	3186 4	; 3279
3187 0	3022 4	; 3280
3188 0	3189 4	; 3281
3190 0	3027 4	; 3282
3191 0	3192 4	; 3283
3193 0	3194 4	; 3284
3195 0	3196 4	; 3285
3197 0	3041 4	; 3286
3198 0	3199 4	; 3287
3200 0	3201 4	; 3288
3202 0	3203 4	; 3289
3204 0	3054 4	; 3290
3205 0	3206 4	; 3291
3207 0	3208 4	; 3292
3063 0	3209 4	; 3293
3210 0	3211 0	; 3294
3069 0	3212 4	; 3295
3213 0	3214 4	; 3296
3075 0	3215 4	; 3297
3216 0	3217 4	; 3298
3218 0	3219 4	; 3299
3220 0	3221 4	; 3300
3086 0	3222 4	; 3301
3223 0	3224 4	; 3302
3091 0	3225 4	; 3303
3226 0	3227 4	; 3304
3096 0	3228 4	; 3305
3229 0	3230 4	; 3306
3231 0	3232 4	; 3307
3233 0	3234 4	; 3308
3235 0	3236 4	; 3309
3237 0	3238 4	; 3310
3239 0	3240 4	; 3311
3241 0	3242 4	; 3312
3243 0	3244 4	; 3313
3245 0	3246 4	; 3314
3247 0	3248 4	; 3315
3249 0	3250 4	; 3316
3251 0	3252 4	; 3317
3253 0	3254 4	; 3318
3255 0	3256 4	; 3319
3257 0	3258 4	; 3320
3259 0	3260 4	; 3321
; level 20
n 29
3262 0	3263 0	; 3322
3265 0	3266 0	; 3323
3267 0	3268 0	; 3324
3269 0	3270 0	; 3325
3271 0	3272 0	; 3326
3273 0	3274 0	; 3327
3275 0	3276 0	; 3328
3277 0	3278 0	; 3329
3279 0	3280 0	; 3330
3281 0	3282 0	; 3331
3283 0	3284 0	; 3332
3285 0	3286 0	; 3333
3287 0	3288 0	; 3334
3289 0	3290 0	; 3335
3292 0	3293 0	; 3336
3294 0	3295 0	; 3337
3296 0	3297 0	; 3338
3298 0	3299 0	; 3339
3300 0	3301 0	; 3340
3302 0	3303 0	; 3341
3304 0	3305 0	; 3342
3306 0	3307 0	; 3343
3308 0	3309 0	; 3344
3310 0	3311 0	; 3345
3312 0	3313 0	; 3346
3314 0	3315 0	; 3347
3316 0	3317 0	; 3348
3318 0	3319 0	; 3349
3320 0	3321 0	; 3350
; level 21
n 16
3261 0	3322 0	; 3351
3264 0	3323 0	; 3352
3324 0	3325 0	; 3353
3326 0	3327 0	; 3354
3328 0	3329 0	; 3355
3330 0	3331 0	; 3356
3332 0	3333 0	; 3357
3334 0	3335 0	; 3358
3291 0	3336 0	; 3359
3337 0	3338 0	; 3360
3339 0	3340 0	; 3361
3341 0	3342 0	; 3362
3343 0	3344 0	; 3363
3345 0	3346 0	; 3364
3347 0	3348 0	; 3365
3349 0	3350 0	; 3366
; level 22
n 8
3351 0	3352 0	; 3367
3353 0	3354 0	; 3368
3355 0	3356 0	; 3369
3357 0	3358 0	; 3370
3359 0	3360 0	; 3371
3361 0	3362 0	; 3372
3363 0	3364 0	; 3373
3365 0	3366 0	; 3374
; level 23
n 4
3367 0	3368 0	; 3375
3369 0	3370 0	; 3376
3371 0	3372 0	; 3377
3373 0	3374 0	; 3378
; level 24
n 2
3375 0	3376 0	; 3379
3377 0	3378 0	; 3380
; level 25
n 1
3379 0	3380 0	; 3381
; roots
r 3381	v 1
